9.62801364263000e-07
-5.02069203805000e-06
1.25268783953000e-05
-1.99324417376000e-05
2.29149033546000e-05
-2.04737583809000e-05
1.49952002937000e-05
-9.37502840980000e-06
5.20156955323000e-06
-2.62939890538000e-06
1.26550848081000e-06
-5.73156151923000e-07
2.76281274155000e-07
-1.09963734387000e-07
7.38038330280000e-08
-9.31614600001000e-09
3.87247135578000e-08
2.10303178461000e-08
4.10556513877000e-08
4.13077946246000e-08
5.68828741789000e-08
6.59543638130000e-08
8.40811858728000e-08
1.01532550003000e-07
1.26437360082000e-07
1.54733678097000e-07
1.91218582499000e-07
2.35008851918000e-07
2.89750329490000e-07
3.56550504341000e-07
4.39299297826000e-07
5.40794544880000e-07
6.66136379541000e-07
8.20175040653000e-07
1.01015545059000e-06
1.24384500153000e-06
1.53187399787000e-06
1.88633707689000e-06
2.32307100992000e-06
2.86067883258000e-06
3.52293208580000e-06
4.33827546442000e-06
5.34253613351000e-06
6.57906223200000e-06
8.10198829111000e-06
9.97723263578000e-06
1.22867312381000e-05
1.51305855976000e-05
1.86329431672000e-05
2.29456891669000e-05
2.82570465155000e-05
3.47973610445000e-05
4.28521099371000e-05
5.27705217882000e-05
6.49856943660000e-05
8.00269662180000e-05
9.85515408752000e-05
0.000121361571831000
0.000149454562334000
0.000184045784500000
0.000226649641428000
0.000279106748890000
0.000343716968725000
0.000423267056591000
0.000521251001943000
0.000641886194381000
0.000790483105615000
0.000973420647376000
0.00119877439042000
0.00147618560844000
0.00181794224454000
0.00223860214971000
0.00275687537633000
0.00339471308297000
0.00418062141752000
0.00514762977308000
0.00633918155348000
0.00780480111772000
0.00961064602702000
0.0118304971234000
0.0145647517743000
0.0179219149417000
0.0220527911163000
0.0271124775541000
0.0333214363101000
0.0408864842127000
0.0501074356716000
0.0612084049407000
0.0745146949048000
0.0900780900611000
0.107940155413000
0.127267746478000
0.146676027814000
0.162254276550000
0.168045766353000
0.152383204788000
0.101214136498000
-0.00244389126667000
-0.154078468398000
-0.303214415655000
-0.297674373379000
0.00793541259524000
0.426273267393000
0.100032384844000
-0.494117404043000
0.392604878741000
-0.190111691178000
0.0743654896362000
-0.0278508428343000
0.0109992061155000
-0.00469798719697000
0.00212587632706000
-0.000981986734159000
0.000444992546836000
-0.000189983519162000
7.31024164292000e-05
-2.40057837293000e-05
6.23096824846000e-06
-1.12363896552000e-06
1.04470606055000e-07

