-6.76671159511000e-14
3.39808396836000e-13
-7.43411889153000e-13
8.93613024469000e-13
-5.47341591896000e-13
-5.84920181906000e-14
5.20780672883000e-13
-6.92656254606000e-13
6.88908045074000e-13
-6.39910528298000e-13
5.82098912530000e-13
-4.84912700478000e-13
3.54684337858000e-13
-2.10855291368000e-13
1.00452749275000e-13
5.58449957721000e-15
-5.67206735175000e-14
1.09107856853000e-13
-6.04067500756000e-14
8.84512134731000e-14
2.22321981827000e-14
8.38072239207000e-14
1.23647835900000e-13
1.44351787234000e-13
2.94276480713000e-13
3.39965995918000e-13
6.17024672340000e-13
8.25310217692000e-13
1.32560792613000e-12
1.90949961267000e-12
2.93458179767000e-12
4.33454210095000e-12
6.55863288798000e-12
9.78324910827000e-12
1.47126365223000e-11
2.20240108708000e-11
3.30577485691000e-11
4.95377381480000e-11
7.43047574433000e-11
1.11400535181000e-10
1.67052734516000e-10
2.50470107577000e-10
3.75597211630000e-10
5.63165204681000e-10
8.44458166896000e-10
1.26621795331000e-09
1.89866561359000e-09
2.84693620927000e-09
4.26886170263000e-09
6.40104325574000e-09
9.59798498616000e-09
1.43918931885000e-08
2.15798696769000e-08
3.23584600810000e-08
4.85195105813000e-08
7.27538583183000e-08
1.09090191748000e-07
1.63577866557000e-07
2.45275193920000e-07
3.67784458730000e-07
5.51470341585000e-07
8.26916206192000e-07
1.23991037294000e-06
1.85921554669000e-06
2.78777669034000e-06
4.18019870272000e-06
6.26794044911000e-06
9.39858833064000e-06
1.40925408889000e-05
2.11312291505000e-05
3.16846342900000e-05
4.75093313246000e-05
7.12354794719000e-05
0.000106810848460000
0.000160146590551000
0.000240110903628000
0.000359981158972000
0.000539658308918000
0.000808925141201000
0.00121234066243000
0.00181650387595000
0.00272068483151000
0.00407274689463000
0.00609135552241000
0.00909940027636000
0.0135660714813000
0.0201692550906000
0.0298534800308000
0.0439060697220000
0.0639211368217000
0.0916763946228000
0.128368795114000
0.173241920046000
0.219830379079000
0.251193131178000
0.232380049895000
0.117121080205000
-0.117252913088000
-0.352148528535000
-0.271162871370000
0.291134747110000
0.317192840623000
-0.493075681595000
0.311223091821000
-0.136044122543000
0.0512141261934000
-0.0190806300761000
0.00757044398633000
-0.00325432753751000
0.00149774676371000
-0.000724569558272000
0.000362792644965000
-0.000185907973641000
9.67201396593000e-05
-5.07744171678000e-05
2.67510121456000e-05
-1.40667136728000e-05
7.33363699547000e-06
-3.75638767050000e-06
1.86344211280000e-06
-8.71623576811000e-07
3.61028200288000e-07
-1.05847108097000e-07
-1.51569361490000e-08
6.67633241420000e-08
-8.33741579804000e-08
8.31065906136000e-08
-7.53457009758000e-08
6.48057680299000e-08
-5.37558016587000e-08
4.32436265303000e-08
-3.37262648712000e-08
2.53558687098000e-08
-1.81287021528000e-08
1.20228328586000e-08
-7.10898040664000e-09
3.53667004588000e-09
-1.36030600198000e-09
3.52544249042000e-10
-4.53719284366000e-11

