distance (m)	depth (m)
-0.95250396	0.4921789
0.06938435	0.4701784
1.0111243	0.483741
2.09686186	0.5051122
3.26990392	0.5193676
4.28509558	0.5333978
5.35061403	0.5489801
6.31909522	0.4075509
7.27531486	0.4473334
8.36844699	0.4039632
9.45156802	0.4089997
10.46554651	0.414147
11.57102332	0.3823772
12.5399367	0.4012465
13.45507479	0.3688374
14.54016265	0.3819332
15.68413024	0.3850935
16.64286201	0.4288555
17.60174986	0.4151021
18.70400441	0.476157
19.71239089	0.5029205
20.67027577	0.6393067
21.64455883	0.6428489
22.70808261	0.7074187
23.72250226	0.7734194
24.79625259	0.767464
25.91074023	0.7505574
26.82955338	0.7833864
27.86982519	0.8350377
28.79242081	0.8369597
29.90339596	0.8346094
30.95113731	0.8384851
31.99289904	0.8220424
33.07737043	0.8392972
34.08762685	0.8628107
35.1150173	0.8830102
36.066844	0.8903374
37.1366688	0.9106348
38.18226295	0.9269406
39.17515912	0.9076687
40.15381176	0.8907408
41.23183088	0.8845091
42.29622805	0.8526259
43.29266211	0.8295355
44.29333039	0.8274336
45.38584556	0.8267215
46.31580627	0.8264178
47.37413713	0.8258953
48.50081352	0.8261315
49.40623046	0.8303781

