    0.39303E+01   -0.66246E-01    0.18202E+03    0.22601E+01
    0.25570E+02   -0.66261E-01    0.22304E+03    0.23484E+01
    0.20891E+01   -0.48789E+00    0.10258E+03    0.20111E+01
    0.18662E+02   -0.22972E+00    0.19492E+03    0.22898E+01
    0.11555E+02   -0.16478E+01    0.32363E+02    0.15101E+01
    0.22123E+02   -0.11603E+01    0.51920E+02    0.17153E+01
    0.73773E+01   -0.11603E+01    0.49356E+02    0.16933E+01
    0.21912E+02   -0.11516E+01    0.53809E+02    0.17309E+01
    0.75881E+01   -0.11516E+01    0.51381E+02    0.17108E+01
    0.27676E+02   -0.15905E+01    0.58120E+02    0.17643E+01
    0.18243E+01   -0.15905E+01    0.49040E+02    0.16905E+01
    0.14966E+02   -0.15905E+01    0.36078E+02    0.15572E+01
    0.27881E+02   -0.16257E+00    0.19024E+03    0.22793E+01
    0.16195E+01   -0.16258E+00    0.15489E+03    0.21900E+01
    0.23009E+01   -0.25696E+00    0.14689E+03    0.21670E+01
    0.32786E+01   -0.26417E+00    0.14293E+03    0.21551E+01
    0.36486E+01   -0.14303E+01    0.43524E+02    0.16387E+01
    0.25851E+02   -0.14301E+01    0.45279E+02    0.16559E+01
    0.26222E+02   -0.26380E+00    0.19484E+03    0.22897E+01
    0.22233E+01   -0.49960E+00    0.97517E+02    0.19891E+01
    0.27924E+02   -0.16276E+01    0.62096E+02    0.17931E+01
    0.15762E+01   -0.16276E+01    0.51947E+02    0.17156E+01
    0.15220E+02   -0.16277E+01    0.34920E+02    0.15431E+01
    0.23715E+02   -0.20987E+00    0.21787E+03    0.23382E+01
    0.57851E+01   -0.20995E+00    0.17258E+03    0.22370E+01
    0.12680E+02   -0.12581E+01    0.41717E+02    0.16203E+01
    0.27204E+02   -0.24755E+00    0.18699E+03    0.22718E+01
    0.26348E+02   -0.99210E+00    0.67793E+02    0.18312E+01
    0.27813E+02   -0.23824E+00    0.18398E+03    0.22648E+01
    0.16876E+01   -0.23842E+00    0.14537E+03    0.21625E+01
    0.15147E+02   -0.23114E+00    0.18238E+03    0.22610E+01
    0.14589E+02   -0.49250E+00    0.12043E+03    0.20807E+01
    0.23369E+00   -0.32722E+00    0.10360E+03    0.20153E+01
    0.14270E+02   -0.11751E+01    0.47612E+02    0.16777E+01
    0.25998E+01   -0.23982E+00    0.15016E+03    0.21766E+01
    0.26903E+02   -0.24172E+00    0.19652E+03    0.22934E+01
    0.19259E+02   -0.36652E+00    0.16477E+03    0.22169E+01
    0.21384E+02   -0.23083E+00    0.22207E+03    0.23465E+01
    0.81157E+01   -0.23083E+00    0.18705E+03    0.22719E+01
    0.14061E+02   -0.11878E+01    0.46316E+02    0.16657E+01
    0.13634E+02   -0.99604E+00    0.53895E+02    0.17316E+01
    0.16789E+02   -0.15107E+01    0.34994E+02    0.15440E+01
    0.34718E+01   -0.12443E+01    0.48972E+02    0.16900E+01
    0.31516E+01   -0.99390E+00    0.57618E+02    0.17606E+01
    0.33651E+01   -0.18768E+00    0.15730E+03    0.21967E+01
    0.26135E+02   -0.18758E+00    0.21400E+03    0.23304E+01
    0.11762E+02   -0.18251E+01    0.30194E+02    0.14799E+01
    0.14731E+02   -0.48749E+00    0.12180E+03    0.20857E+01
    0.28304E+02   -0.41356E+00    0.14878E+03    0.21725E+01
    0.11953E+01   -0.41470E+00    0.12131E+03    0.20839E+01
    0.78624E+01   -0.29210E+00    0.16844E+03    0.22264E+01
    0.21638E+02   -0.29208E+00    0.20141E+03    0.23041E+01
    0.26028E+02   -0.12434E+01    0.53265E+02    0.17264E+01
    0.16248E+02   -0.36635E+00    0.14523E+03    0.21621E+01
    0.38485E+01   -0.12175E+00    0.17331E+03    0.22388E+01
    0.27557E+02   -0.59138E+00    0.11900E+03    0.20756E+01
    0.19499E+01   -0.58857E+00    0.89969E+02    0.19541E+01
    0.46074E+01   -0.12293E+01    0.46050E+02    0.16632E+01
    0.25652E+02   -0.12177E+00    0.21237E+03    0.23271E+01
    0.24893E+02   -0.12293E+01    0.49787E+02    0.16971E+01
    0.14672E+02   -0.92140E+00    0.58880E+02    0.17700E+01
    0.27392E+02   -0.93744E+00    0.77675E+02    0.18903E+01
    0.21084E+01   -0.92662E+00    0.60002E+02    0.17782E+01
    0.15278E+02   -0.43724E+00    0.13207E+03    0.21208E+01
    0.63328E+01   -0.93703E+00    0.56268E+02    0.17503E+01
    0.23167E+02   -0.93698E+00    0.64077E+02    0.18067E+01
    0.86489E+01   -0.93451E+00    0.59251E+02    0.17727E+01
    0.20851E+02   -0.93450E+00    0.61196E+02    0.17867E+01
    0.13585E+02   -0.12101E+01    0.43649E+02    0.16400E+01
    0.14473E+02   -0.61187E+00    0.94259E+02    0.19743E+01
    0.28159E+02   -0.21443E+00    0.17427E+03    0.22412E+01
    0.13405E+01   -0.21513E+00    0.14886E+03    0.21728E+01
    0.22967E+02   -0.63400E+00    0.10248E+03    0.20106E+01
    0.65326E+01   -0.63406E+00    0.86996E+02    0.19395E+01
    0.90803E+01   -0.50092E+00    0.12417E+03    0.20940E+01
    0.20420E+02   -0.50089E+00    0.13208E+03    0.21209E+01
    0.19371E+02   -0.46016E+00    0.13281E+03    0.21232E+01
    0.11104E+02   -0.17034E+00    0.19188E+03    0.22830E+01
    0.84467E+01   -0.63247E+00    0.91970E+02    0.19636E+01
    0.21053E+02   -0.63246E+00    0.10028E+03    0.20012E+01
    0.19139E+02   -0.12281E+01    0.44435E+02    0.16477E+01
    0.10359E+02   -0.12279E+01    0.41860E+02    0.16218E+01
    0.12079E+00   -0.31194E+00    0.10395E+03    0.20168E+01
    0.18349E+01   -0.47454E+00    0.10616E+03    0.20259E+01
    0.27672E+02   -0.46634E+00    0.14205E+03    0.21525E+01
    0.53121E+00   -0.19502E+00    0.11633E+03    0.20657E+01
    0.28970E+02   -0.19253E+00    0.16179E+03    0.22089E+01
    0.75176E+01   -0.24207E+00    0.19094E+03    0.22809E+01
    0.21983E+02   -0.24121E+00    0.20152E+03    0.23043E+01
    0.12897E+02   -0.12915E+01    0.41571E+02    0.16188E+01
    0.19284E+02   -0.24679E+00    0.19610E+03    0.22925E+01
    0.23105E+01   -0.13468E+01    0.47930E+02    0.16806E+01
    0.27190E+02   -0.13468E+01    0.56902E+02    0.17551E+01
    0.14452E+02   -0.13328E+01    0.41831E+02    0.16215E+01
    0.45533E+00   -0.26402E+00    0.10939E+03    0.20390E+01
    0.29054E+02   -0.25777E+00    0.15704E+03    0.21960E+01
    0.65083E+01   -0.13474E+01    0.40776E+02    0.16104E+01
    0.22992E+02   -0.13473E+01    0.43013E+02    0.16336E+01
    0.84617E+01   -0.13473E+01    0.41453E+02    0.16176E+01
    0.21038E+02   -0.13473E+01    0.41607E+02    0.16192E+01
    0.30564E+01   -0.46773E+00    0.10260E+03    0.20111E+01
    0.26444E+02   -0.46681E+00    0.13792E+03    0.21396E+01
    0.16736E+02   -0.51604E+00    0.11119E+03    0.20460E+01
    0.30182E-02   -0.85141E+00    0.91057E+02    0.19593E+01
    0.17003E+01   -0.47337E+00    0.10694E+03    0.20291E+01
    0.27801E+02   -0.47505E+00    0.14061E+03    0.21480E+01
    0.10666E+02   -0.10660E+01    0.47568E+02    0.16773E+01
    0.12840E+02   -0.22763E+00    0.18371E+03    0.22641E+01
    0.26294E+02   -0.12020E+01    0.56166E+02    0.17495E+01
    0.62223E+01   -0.25965E+00    0.16509E+03    0.22177E+01
    0.23278E+02   -0.25966E+00    0.20134E+03    0.23039E+01
    0.17016E+02   -0.51018E+00    0.10624E+03    0.20263E+01
    0.16150E+02   -0.45744E+00    0.11909E+03    0.20759E+01
    0.15534E+02   -0.50799E+00    0.11321E+03    0.20539E+01
    0.54902E+01   -0.51265E+00    0.10586E+03    0.20247E+01
    0.24010E+02   -0.51261E+00    0.13837E+03    0.21411E+01
    0.12852E+01   -0.52618E+00    0.10084E+03    0.20037E+01
    0.28215E+02   -0.52544E+00    0.12817E+03    0.21078E+01
    0.12059E+02   -0.16735E+01    0.31565E+02    0.14992E+01
    0.11804E+02   -0.62503E+00    0.84906E+02    0.19289E+01
    0.18568E+02   -0.27639E+00    0.18249E+03    0.22612E+01
    0.23652E+02   -0.57839E+00    0.11673E+03    0.20672E+01
    0.58485E+01   -0.57845E+00    0.92771E+02    0.19674E+01
    0.32061E+01   -0.12034E+01    0.50098E+02    0.16998E+01
    0.23083E+02   -0.56069E+00    0.12315E+03    0.20905E+01
    0.64166E+01   -0.56072E+00    0.10207E+03    0.20089E+01
    0.16289E+02   -0.14982E+01    0.35608E+02    0.15515E+01
    0.15176E+02   -0.55793E+00    0.10281E+03    0.20120E+01
    0.27572E+02   -0.79596E+00    0.91428E+02    0.19611E+01
    0.19294E+01   -0.78359E+00    0.69392E+02    0.18413E+01
    0.14859E+02   -0.80072E+00    0.69834E+02    0.18441E+01
    0.88246E+01   -0.80801E+00    0.70550E+02    0.18485E+01
    0.20675E+02   -0.80799E+00    0.73511E+02    0.18664E+01
    0.23341E+02   -0.81396E+00    0.76043E+02    0.18811E+01
    0.61592E+01   -0.81401E+00    0.64507E+02    0.18096E+01
    0.20006E+02   -0.53365E+00    0.11563E+03    0.20631E+01
    0.94941E+01   -0.53366E+00    0.10674E+03    0.20283E+01
    0.21693E+02   -0.81267E+00    0.76219E+02    0.18821E+01
    0.78066E+01   -0.81269E+00    0.70749E+02    0.18497E+01
    0.12551E+02   -0.25523E+00    0.17944E+03    0.22539E+01
    0.14854E+02   -0.60382E+00    0.98395E+02    0.19930E+01
    0.27428E+02   -0.53743E+00    0.13116E+03    0.21178E+01
    0.27403E+02   -0.11958E+01    0.64673E+02    0.18107E+01
    0.20967E+01   -0.11958E+01    0.52386E+02    0.17192E+01
    0.14683E+02   -0.11909E+01    0.46245E+02    0.16651E+01
    0.23197E+01   -0.62634E+00    0.79969E+02    0.19029E+01
    0.27195E+02   -0.64183E+00    0.10658E+03    0.20277E+01
    0.26305E+02   -0.49310E+00    0.13372E+03    0.21262E+01
    0.62944E+01   -0.11945E+01    0.45385E+02    0.16569E+01
    0.86756E+01   -0.11945E+01    0.46690E+02    0.16692E+01
    0.23206E+02   -0.11944E+01    0.49568E+02    0.16952E+01
    0.20824E+02   -0.11945E+01    0.47312E+02    0.16750E+01
    0.31953E+01   -0.49400E+00    0.10183E+03    0.20079E+01
    0.61385E+01   -0.18738E+00    0.17662E+03    0.22470E+01
    0.12470E+02   -0.20295E+00    0.20278E+03    0.23070E+01
    0.23362E+02   -0.18737E+00    0.21621E+03    0.23349E+01
    0.77564E+01   -0.29694E+00    0.16775E+03    0.22247E+01
    0.21744E+02   -0.29679E+00    0.19459E+03    0.22891E+01
    0.23746E+02   -0.45315E+00    0.15432E+03    0.21884E+01
    0.57540E+01   -0.45326E+00    0.12008E+03    0.20795E+01
    0.61728E+01   -0.63599E+00    0.85749E+02    0.19332E+01
    0.23327E+02   -0.63596E+00    0.10460E+03    0.20195E+01
    0.22948E+01   -0.82157E+00    0.63668E+02    0.18039E+01
    0.27206E+02   -0.83420E+00    0.83000E+02    0.19191E+01
    0.14483E+02   -0.81212E+00    0.67528E+02    0.18295E+01
    0.15757E+02   -0.12600E+01    0.42270E+02    0.16260E+01
    0.10683E+01   -0.12649E+01    0.63789E+02    0.18047E+01
    0.28431E+02   -0.12647E+01    0.79954E+02    0.19028E+01
    0.65232E+01   -0.83491E+00    0.64618E+02    0.18104E+01
    0.22977E+02   -0.83485E+00    0.73960E+02    0.18690E+01
    0.84604E+01   -0.83206E+00    0.66957E+02    0.18258E+01
    0.14306E+02   -0.53517E+00    0.10539E+03    0.20228E+01
    0.21040E+02   -0.83205E+00    0.70345E+02    0.18472E+01
    0.22801E+02   -0.54631E+00    0.12079E+03    0.20820E+01
    0.66985E+01   -0.54637E+00    0.10279E+03    0.20119E+01
    0.12097E+02   -0.52672E+00    0.99806E+02    0.19992E+01
    0.35767E+01   -0.16960E+01    0.38942E+02    0.15904E+01
    0.25923E+02   -0.16958E+01    0.39320E+02    0.15946E+01
    0.82698E+01   -0.55897E+00    0.10352E+03    0.20150E+01
    0.20308E+02   -0.59429E+00    0.10790E+03    0.20330E+01
    0.91923E+01   -0.59430E+00    0.10172E+03    0.20074E+01
    0.28055E+02   -0.24405E+00    0.17334E+03    0.22389E+01
    0.14452E+01   -0.24444E+00    0.14480E+03    0.21608E+01
    0.21230E+02   -0.55895E+00    0.11541E+03    0.20623E+01
    0.15408E+02   -0.43237E+00    0.13532E+03    0.21314E+01
    0.58375E+01   -0.30841E+00    0.14809E+03    0.21705E+01
    0.23663E+02   -0.30831E+00    0.18931E+03    0.22772E+01
    0.18748E+02   -0.27471E+00    0.18265E+03    0.22616E+01
    0.16199E+00   -0.97225E+00    0.84982E+02    0.19293E+01
    0.13755E+02   -0.71303E+00    0.76752E+02    0.18851E+01
    0.82015E+01   -0.17919E+00    0.20032E+03    0.23017E+01
    0.21298E+02   -0.17919E+00    0.23171E+03    0.23649E+01
    0.11129E+02   -0.26313E+00    0.16660E+03    0.22217E+01
    0.11673E+02   -0.56620E+00    0.99475E+02    0.19977E+01
    0.29432E+02   -0.32232E+00    0.14784E+03    0.21698E+01
    0.27921E+02   -0.58174E+00    0.12253E+03    0.20882E+01
    0.15785E+01   -0.57986E+00    0.93718E+02    0.19718E+01
    0.15236E+02   -0.29121E+00    0.16391E+03    0.22146E+01
    0.12009E+02   -0.22344E+00    0.18683E+03    0.22714E+01
    0.28558E+01   -0.11877E+01    0.49095E+02    0.16910E+01
    0.26644E+02   -0.11874E+01    0.56799E+02    0.17543E+01
    0.22444E+02   -0.11562E+01    0.48463E+02    0.16854E+01
    0.21592E+02   -0.11783E+01    0.50191E+02    0.17006E+01
    0.79080E+01   -0.11783E+01    0.48764E+02    0.16881E+01
    0.70559E+01   -0.11562E+01    0.46048E+02    0.16632E+01
    0.47350E+01   -0.13983E+01    0.40533E+02    0.16078E+01
    0.24765E+02   -0.13983E+01    0.42460E+02    0.16280E+01
    0.85727E+01   -0.53467E+00    0.11540E+03    0.20622E+01
    0.98219E+01   -0.23418E+00    0.17522E+03    0.22436E+01
    0.20927E+02   -0.53465E+00    0.12778E+03    0.21064E+01
    0.19674E+02   -0.23505E+00    0.20450E+03    0.23107E+01
    0.34483E+01   -0.44941E+00    0.11260E+03    0.20515E+01
    0.26052E+02   -0.44876E+00    0.14270E+03    0.21544E+01
    0.23332E+01   -0.37135E+00    0.11507E+03    0.20610E+01
    0.84395E+01   -0.16566E+01    0.35037E+02    0.15445E+01
    0.65305E+01   -0.16566E+01    0.35017E+02    0.15443E+01
    0.27185E+02   -0.36539E+00    0.15968E+03    0.22033E+01
    0.21060E+02   -0.16566E+01    0.34708E+02    0.15404E+01
    0.22970E+02   -0.16566E+01    0.35472E+02    0.15499E+01
    0.23269E+01   -0.16566E+01    0.44443E+02    0.16478E+01
    0.27173E+02   -0.16566E+01    0.50536E+02    0.17036E+01
    0.14444E+02   -0.16469E+01    0.35383E+02    0.15488E+01
    0.10080E+02   -0.38849E+00    0.14664E+03    0.21663E+01
    0.10792E+02   -0.16779E+01    0.31384E+02    0.14967E+01
    0.17359E+02   -0.44793E+00    0.12773E+03    0.21063E+01
    0.19275E+02   -0.14024E+01    0.38913E+02    0.15901E+01
    0.10236E+02   -0.13972E+01    0.37022E+02    0.15685E+01
    0.17896E+02   -0.58576E+00    0.99824E+02    0.19992E+01
    0.21238E+02   -0.41005E+00    0.15776E+03    0.21980E+01
    0.82617E+01   -0.41006E+00    0.13669E+03    0.21357E+01
    0.13305E+02   -0.55721E+00    0.10118E+03    0.20051E+01
    0.29374E+02   -0.12249E+01    0.10211E+03    0.20091E+01
    0.25038E+01   -0.12143E+01    0.49525E+02    0.16948E+01
    0.26996E+02   -0.12144E+01    0.59270E+02    0.17728E+01
    0.79053E+01   -0.18961E+00    0.18953E+03    0.22777E+01
    0.21595E+02   -0.18960E+00    0.23569E+03    0.23723E+01
    0.16841E+02   -0.17411E+01    0.31455E+02    0.14977E+01
    0.67140E+01   -0.11829E+01    0.45470E+02    0.16577E+01
    0.22786E+02   -0.11829E+01    0.48587E+02    0.16865E+01
    0.82485E+01   -0.12123E+01    0.46396E+02    0.16665E+01
    0.21252E+02   -0.12122E+01    0.47137E+02    0.16734E+01
    0.19362E+02   -0.19735E+00    0.21261E+03    0.23276E+01
    0.27864E+02   -0.34245E+00    0.15999E+03    0.22041E+01
    0.16370E+01   -0.34232E+00    0.12521E+03    0.20976E+01
    0.15639E+02   -0.41120E+00    0.13825E+03    0.21407E+01
    0.33045E+01   -0.38660E+00    0.11833E+03    0.20731E+01
    0.26196E+02   -0.38594E+00    0.15600E+03    0.21931E+01
    0.16659E+02   -0.62725E+00    0.86125E+02    0.19351E+01
    0.18265E+02   -0.48090E+00    0.12671E+03    0.21028E+01
    0.29348E+02   -0.96968E+00    0.11108E+03    0.20456E+01
    0.12754E+02   -0.27808E+00    0.16978E+03    0.22299E+01
    0.15053E+02   -0.26514E+00    0.17536E+03    0.22439E+01
    0.60191E+01   -0.53985E+00    0.99900E+02    0.19996E+01
    0.23481E+02   -0.53982E+00    0.12480E+03    0.20962E+01
    0.93720E+00   -0.47856E+00    0.11087E+03    0.20448E+01
    0.28563E+02   -0.47762E+00    0.14015E+03    0.21466E+01
    0.11315E+01   -0.16897E+01    0.56514E+02    0.17522E+01
    0.28369E+02   -0.16897E+01    0.67875E+02    0.18317E+01
    0.15694E+02   -0.16903E+01    0.32815E+02    0.15161E+01
    0.13625E+00   -0.12265E+01    0.80367E+02    0.19051E+01
    0.24865E+01   -0.56257E+00    0.85828E+02    0.19336E+01
    0.27029E+02   -0.56145E+00    0.11685E+03    0.20676E+01
    0.26116E+01   -0.35310E+00    0.12112E+03    0.20832E+01
    0.26892E+02   -0.34938E+00    0.16522E+03    0.22181E+01
    0.56238E+01   -0.43299E+00    0.12607E+03    0.21006E+01
    0.23876E+02   -0.43290E+00    0.16406E+03    0.22150E+01
    0.12476E+02   -0.60811E+00    0.87723E+02    0.19431E+01
    0.12931E+02   -0.52160E+00    0.10659E+03    0.20277E+01
    0.72680E+01   -0.45105E+00    0.13154E+03    0.21191E+01
    0.18280E+02   -0.64006E+00    0.90715E+02    0.19577E+01
    0.12168E+02   -0.70102E+00    0.72085E+02    0.18578E+01
    0.18130E+02   -0.19722E+00    0.21547E+03    0.23334E+01
    0.99123E+01   -0.28041E+00    0.17015E+03    0.22308E+01
    0.19555E+02   -0.28304E+00    0.19076E+03    0.22805E+01
    0.18312E+02   -0.21139E+00    0.19946E+03    0.22999E+01
    0.13343E+02   -0.12679E+01    0.42578E+02    0.16292E+01
    0.71679E+01   -0.56692E+00    0.10367E+03    0.20157E+01
    0.22335E+02   -0.56827E+00    0.11426E+03    0.20579E+01
    0.10187E+02   -0.46211E+00    0.12190E+03    0.20860E+01
    0.15008E+02   -0.50338E+00    0.11463E+03    0.20593E+01
    0.48826E+01   -0.38781E+00    0.13197E+03    0.21205E+01
    0.24617E+02   -0.38781E+00    0.17413E+03    0.22409E+01
    0.65261E+00   -0.16365E+01    0.65984E+02    0.18194E+01
    0.28847E+02   -0.16364E+01    0.80979E+02    0.19084E+01
    0.23449E+02   -0.40384E+00    0.16079E+03    0.22063E+01
    0.74021E+01   -0.44119E+00    0.13520E+03    0.21310E+01
    0.60511E+01   -0.40387E+00    0.12788E+03    0.21068E+01
    0.74284E+01   -0.29585E+00    0.17419E+03    0.22410E+01
    0.51612E+01   -0.23098E+00    0.16311E+03    0.22125E+01
    0.24339E+02   -0.23098E+00    0.21665E+03    0.23358E+01
    0.16873E+02   -0.46771E+00    0.12038E+03    0.20806E+01
    0.12759E+02   -0.51474E+00    0.10713E+03    0.20299E+01
    0.87041E+01   -0.18271E+01    0.32156E+02    0.15073E+01
    0.62659E+01   -0.18271E+01    0.32680E+02    0.15143E+01
    0.20796E+02   -0.18271E+01    0.31820E+02    0.15027E+01
    0.23234E+02   -0.18271E+01    0.32537E+02    0.15124E+01
    0.18147E+02   -0.41464E+00    0.14853E+03    0.21718E+01
    0.24839E+01   -0.41912E+00    0.10582E+03    0.20246E+01
    0.27034E+02   -0.41518E+00    0.14668E+03    0.21664E+01
    0.20571E+01   -0.18273E+01    0.45188E+02    0.16550E+01
    0.27443E+02   -0.18273E+01    0.51660E+02    0.17132E+01
    0.14733E+02   -0.18273E+01    0.33500E+02    0.15250E+01
    0.18997E+02   -0.18298E+01    0.31320E+02    0.14958E+01
    0.10513E+02   -0.18249E+01    0.30015E+02    0.14773E+01
    0.47852E+01   -0.46584E+00    0.11218E+03    0.20499E+01
    0.24715E+02   -0.46585E+00    0.14460E+03    0.21602E+01
    0.22071E+02   -0.29886E+00    0.18122E+03    0.22582E+01
    0.17572E+02   -0.12459E+01    0.41848E+02    0.16217E+01
    0.44583E+01   -0.18258E+01    0.34776E+02    0.15413E+01
    0.32631E+01   -0.18268E+01    0.38690E+02    0.15876E+01
    0.13527E+02   -0.18260E+01    0.32547E+02    0.15125E+01
    0.17150E+02   -0.18451E+01    0.30342E+02    0.14820E+01
    0.26237E+02   -0.18265E+01    0.39569E+02    0.15974E+01
    0.22015E+02   -0.18258E+01    0.35513E+02    0.15504E+01
    0.74850E+01   -0.18258E+01    0.35630E+02    0.15518E+01
    0.12327E+02   -0.18484E+01    0.30370E+02    0.14824E+01
    0.25042E+02   -0.18258E+01    0.33831E+02    0.15293E+01
    0.85799E+00   -0.18253E+01    0.59795E+02    0.17767E+01
    0.28642E+02   -0.18253E+01    0.71690E+02    0.18555E+01
    0.15962E+02   -0.18258E+01    0.30790E+02    0.14884E+01
    0.42813E+01   -0.33197E+00    0.14475E+03    0.21606E+01
    0.17395E+02   -0.60851E+00    0.87990E+02    0.19444E+01
    0.90067E+01   -0.23144E+00    0.19296E+03    0.22855E+01
    0.34232E+01   -0.60299E+00    0.91002E+02    0.19591E+01
    0.26077E+02   -0.60118E+00    0.11341E+03    0.20546E+01
    0.20493E+02   -0.23401E+00    0.20775E+03    0.23175E+01
    0.21379E+02   -0.34432E+00    0.18217E+03    0.22605E+01
    0.81214E+01   -0.34433E+00    0.15536E+03    0.21913E+01
    0.21856E+02   -0.88012E+00    0.68923E+02    0.18384E+01
    0.17062E+02   -0.68676E+00    0.74325E+02    0.18711E+01
    0.76441E+01   -0.88012E+00    0.64443E+02    0.18092E+01
    0.25219E+02   -0.33201E+00    0.17595E+03    0.22454E+01
    0.38450E+01   -0.25103E+00    0.15389E+03    0.21872E+01
    0.11206E+02   -0.52078E+00    0.10166E+03    0.20071E+01
    0.25655E+02   -0.25106E+00    0.18754E+03    0.22731E+01
    0.13017E+02   -0.68954E+00    0.78733E+02    0.18962E+01
    0.53817E+01   -0.41686E+00    0.12815E+03    0.21077E+01
    0.24118E+02   -0.41702E+00    0.16999E+03    0.22304E+01
    0.17120E+02   -0.39448E+00    0.14002E+03    0.21462E+01
    0.30195E+01   -0.35403E+00    0.12365E+03    0.20922E+01
    0.69960E+01   -0.38277E+00    0.14587E+03    0.21640E+01
    0.22507E+02   -0.38338E+00    0.16169E+03    0.22087E+01
    0.13834E+02   -0.57918E+00    0.10104E+03    0.20045E+01
    0.37636E+01   -0.52232E+00    0.10410E+03    0.20174E+01
    0.25737E+02   -0.52209E+00    0.12517E+03    0.20975E+01
    0.59800E+01   -0.16904E+01    0.34131E+02    0.15331E+01
    0.23520E+02   -0.16904E+01    0.34537E+02    0.15383E+01
    0.89900E+01   -0.16906E+01    0.33403E+02    0.15238E+01
    0.20510E+02   -0.16906E+01    0.33367E+02    0.15233E+01
    0.30608E+01   -0.13198E+01    0.46520E+02    0.16676E+01
    0.26439E+02   -0.13190E+01    0.51775E+02    0.17141E+01
    0.13730E+02   -0.13608E+01    0.38660E+02    0.15873E+01
    0.29441E+02   -0.21537E+00    0.15225E+03    0.21826E+01
    0.13580E+02   -0.44275E+00    0.12713E+03    0.21042E+01
    0.21792E+02   -0.13121E+01    0.46619E+02    0.16686E+01
    0.77076E+01   -0.13121E+01    0.45478E+02    0.16578E+01
    0.22236E+02   -0.13193E+01    0.45437E+02    0.16574E+01
    0.72638E+01   -0.13193E+01    0.43764E+02    0.16411E+01
    0.13234E+02   -0.41983E+00    0.13856E+03    0.21416E+01
    0.27933E+02   -0.75330E+00    0.98890E+02    0.19952E+01
    0.15665E+01   -0.75313E+00    0.75528E+02    0.18781E+01
    0.15219E+02   -0.75434E+00    0.73668E+02    0.18673E+01
    0.11902E+01   -0.14230E+01    0.58245E+02    0.17653E+01
    0.28310E+02   -0.14230E+01    0.71398E+02    0.18537E+01
    0.15635E+02   -0.14236E+01    0.37019E+02    0.15684E+01
    0.39222E+00   -0.16541E+01    0.70477E+02    0.18480E+01
    0.29108E+02   -0.16540E+01    0.86832E+02    0.19387E+01
    0.79739E+01   -0.39430E+00    0.14196E+03    0.21522E+01
    0.23695E+02   -0.75880E+00    0.83780E+02    0.19231E+01
    0.58048E+01   -0.75884E+00    0.68754E+02    0.18373E+01
    0.21526E+02   -0.39429E+00    0.16613E+03    0.22204E+01
    0.20320E+02   -0.77067E+00    0.76967E+02    0.18863E+01
    0.91798E+01   -0.77068E+00    0.73593E+02    0.18668E+01
    0.24990E+02   -0.42408E+00    0.14794E+03    0.21701E+01
    0.45102E+01   -0.42407E+00    0.11913E+03    0.20760E+01
    0.18513E+02   -0.39763E+00    0.14774E+03    0.21695E+01
    0.15844E+02   -0.21662E+00    0.18317E+03    0.22629E+01
    0.15564E+02   -0.69175E+00    0.79152E+02    0.18985E+01
    0.13958E+02   -0.13544E+01    0.39336E+02    0.15948E+01
    0.12321E+01   -0.71010E+00    0.83237E+02    0.19203E+01
    0.28267E+02   -0.70853E+00    0.10750E+03    0.20314E+01
    0.11930E+02   -0.50204E+00    0.10490E+03    0.20208E+01
    0.10762E+02   -0.53544E+00    0.98414E+02    0.19931E+01
    0.11921E+02   -0.26543E+00    0.16992E+03    0.22302E+01
    0.15891E+02   -0.65449E+00    0.82688E+02    0.19174E+01
    0.90353E+00   -0.64729E+00    0.90958E+02    0.19588E+01
    0.28596E+02   -0.64650E+00    0.11774E+03    0.20709E+01
    0.10480E+02   -0.58694E+00    0.92022E+02    0.19639E+01
    0.54627E+01   -0.69504E+00    0.75094E+02    0.18756E+01
    0.24037E+02   -0.69501E+00    0.94639E+02    0.19761E+01
    0.25309E+02   -0.52894E+00    0.11980E+03    0.20785E+01
    0.41912E+01   -0.52890E+00    0.10023E+03    0.20010E+01
    0.16201E+02   -0.61932E+00    0.86404E+02    0.19365E+01
    0.47912E+01   -0.61641E+00    0.84494E+02    0.19268E+01
    0.24709E+02   -0.61642E+00    0.10617E+03    0.20260E+01
    0.51200E+01   -0.64953E+00    0.79550E+02    0.19006E+01
    0.25015E+02   -0.57391E+00    0.11209E+03    0.20496E+01
    0.19338E+02   -0.62404E+00    0.95089E+02    0.19781E+01
    0.44847E+01   -0.57390E+00    0.91855E+02    0.19631E+01
    0.24380E+02   -0.64953E+00    0.10185E+03    0.20079E+01
    0.10182E+02   -0.61783E+00    0.87646E+02    0.19427E+01
    0.19657E+02   -0.66590E+00    0.88745E+02    0.19481E+01
    0.98546E+01   -0.65457E+00    0.83017E+02    0.19192E+01
    0.14986E+02   -0.36131E+00    0.14923E+03    0.21739E+01
    0.19976E+02   -0.71716E+00    0.82275E+02    0.19153E+01
    0.95239E+01   -0.71717E+00    0.77353E+02    0.18885E+01
    0.13313E+02   -0.33206E+00    0.16596E+03    0.22200E+01
    0.10597E+02   -0.12475E+01    0.40684E+02    0.16094E+01
    0.17995E+02   -0.45462E+00    0.13504E+03    0.21305E+01
    0.11840E+02   -0.80126E+00    0.61361E+02    0.17879E+01
    0.17960E+02   -0.74950E+00    0.72939E+02    0.18630E+01
    0.50564E+01   -0.27285E+00    0.15799E+03    0.21986E+01
    0.24444E+02   -0.27285E+00    0.21200E+03    0.23263E+01
    0.14312E+02   -0.40097E+00    0.14020E+03    0.21467E+01
    0.88231E+01   -0.63470E+00    0.99298E+02    0.19969E+01
    0.20677E+02   -0.63470E+00    0.10604E+03    0.20255E+01
    0.17708E+02   -0.55278E+00    0.10400E+03    0.20170E+01
    0.57722E+00   -0.61457E+00    0.92158E+02    0.19645E+01
    0.28923E+02   -0.61438E+00    0.12372E+03    0.20924E+01
    0.24877E+02   -0.19465E+00    0.21723E+03    0.23369E+01
    0.46229E+01   -0.19465E+00    0.17640E+03    0.22465E+01
    0.26479E+02   -0.35368E+00    0.16976E+03    0.22298E+01
    0.12519E+02   -0.14288E+01    0.36650E+02    0.15641E+01
    0.22497E+02   -0.51438E+00    0.12507E+03    0.20971E+01
    0.70051E+01   -0.51376E+00    0.11151E+03    0.20473E+01
    0.27880E+01   -0.55470E+00    0.89334E+02    0.19510E+01
    0.26714E+02   -0.54795E+00    0.12139E+03    0.20842E+01
    0.23862E+01   -0.18205E+00    0.16373E+03    0.22141E+01
    0.27117E+02   -0.18010E+00    0.19666E+03    0.22937E+01
    0.19026E+02   -0.44207E+00    0.14127E+03    0.21501E+01
    0.18579E+02   -0.52998E+00    0.11403E+03    0.20570E+01
    0.22810E+02   -0.40410E+00    0.16389E+03    0.22145E+01
    0.28431E+02   -0.40713E+00    0.15288E+03    0.21844E+01
    0.11257E+02   -0.68121E+00    0.75228E+02    0.18764E+01
    0.66904E+01   -0.40415E+00    0.13788E+03    0.21395E+01
    0.26131E+01   -0.18293E+01    0.41903E+02    0.16222E+01
    0.26887E+02   -0.18293E+01    0.45860E+02    0.16614E+01
    0.14158E+02   -0.18196E+01    0.33196E+02    0.15211E+01
    0.25333E+02   -0.14307E+01    0.43374E+02    0.16372E+01
    0.15753E+02   -0.40782E+00    0.13911E+03    0.21434E+01
    0.41671E+01   -0.14306E+01    0.42191E+02    0.16252E+01
    0.37103E+01   -0.68398E+00    0.82113E+02    0.19144E+01
    0.25790E+02   -0.68171E+00    0.97211E+02    0.19877E+01
    0.16731E+02   -0.78785E+00    0.64383E+02    0.18088E+01
    0.25331E+02   -0.16951E+01    0.36812E+02    0.15660E+01
    0.22234E+02   -0.45527E+00    0.14158E+03    0.21510E+01
    0.41686E+01   -0.16950E+01    0.37206E+02    0.15706E+01
    0.21832E+02   -0.49490E+00    0.12804E+03    0.21074E+01
    0.76675E+01   -0.49475E+00    0.11519E+03    0.20614E+01
    0.27633E+01   -0.40089E+00    0.11121E+03    0.20461E+01
    0.26739E+02   -0.39787E+00    0.15276E+03    0.21840E+01
    0.79635E+01   -0.54302E+00    0.10609E+03    0.20257E+01
    0.21537E+02   -0.54300E+00    0.11967E+03    0.20780E+01
    0.81265E+01   -0.18295E+01    0.34040E+02    0.15320E+01
    0.68435E+01   -0.18295E+01    0.33863E+02    0.15297E+01
    0.21374E+02   -0.18295E+01    0.33591E+02    0.15262E+01
    0.22656E+02   -0.18295E+01    0.33839E+02    0.15294E+01
    0.41875E+01   -0.38988E+00    0.12852E+03    0.21090E+01
    0.13058E+02   -0.17251E+01    0.33822E+02    0.15292E+01
    0.25313E+02   -0.38993E+00    0.15475E+03    0.21896E+01
    0.11095E+02   -0.18530E+01    0.30154E+02    0.14793E+01
    0.12437E+02   -0.45381E+00    0.12313E+03    0.20904E+01
    0.28068E+01   -0.16289E+01    0.42954E+02    0.16330E+01
    0.26693E+02   -0.16289E+01    0.47227E+02    0.16742E+01
    0.13956E+02   -0.16557E+01    0.35397E+02    0.15490E+01
    0.30535E+01   -0.16264E+01    0.42139E+02    0.16247E+01
    0.26446E+02   -0.16261E+01    0.45245E+02    0.16556E+01
    0.13729E+02   -0.16621E+01    0.35065E+02    0.15449E+01
    0.22232E+02   -0.16264E+01    0.38804E+02    0.15889E+01
    0.21798E+02   -0.16279E+01    0.39177E+02    0.15930E+01
    0.77019E+01   -0.16279E+01    0.38965E+02    0.15907E+01
    0.72677E+01   -0.16264E+01    0.38202E+02    0.15821E+01
    0.27139E+01   -0.13237E+01    0.46554E+02    0.16680E+01
    0.26786E+02   -0.13238E+01    0.53439E+02    0.17279E+01
    0.79411E+01   -0.16316E+01    0.38066E+02    0.15805E+01
    0.70284E+01   -0.16301E+01    0.37315E+02    0.15719E+01
    0.21559E+02   -0.16316E+01    0.38025E+02    0.15801E+01
    0.22472E+02   -0.16301E+01    0.37962E+02    0.15793E+01
    0.22579E+02   -0.12927E+01    0.43827E+02    0.16417E+01
    0.69211E+01   -0.12928E+01    0.41976E+02    0.16230E+01
    0.21459E+02   -0.13236E+01    0.44105E+02    0.16445E+01
    0.80410E+01   -0.13236E+01    0.43555E+02    0.16390E+01
    0.15957E+02   -0.26799E+00    0.17162E+03    0.22346E+01
    0.14046E+01   -0.18644E+01    0.52671E+02    0.17216E+01
    0.28095E+02   -0.18644E+01    0.62285E+02    0.17944E+01
    0.15391E+02   -0.18645E+01    0.32214E+02    0.15080E+01
    0.18848E+02   -0.64926E+00    0.93782E+02    0.19721E+01
    0.94851E+01   -0.22111E+00    0.18336E+03    0.22633E+01
    0.20015E+02   -0.22111E+00    0.20455E+03    0.23108E+01
    0.26983E+01   -0.18422E+00    0.16368E+03    0.22140E+01
    0.26802E+02   -0.18714E+00    0.21481E+03    0.23321E+01
    0.15868E+02   -0.48999E+00    0.11515E+03    0.20613E+01
    0.26077E+00   -0.58360E+00    0.94598E+02    0.19759E+01
    0.29247E+02   -0.58479E+00    0.12981E+03    0.21133E+01
    0.10455E+02   -0.43823E+00    0.12375E+03    0.20925E+01
    0.19907E+02   -0.42149E+00    0.14987E+03    0.21757E+01
    0.95930E+01   -0.42143E+00    0.13510E+03    0.21306E+01
    0.12701E+02   -0.39135E+00    0.13974E+03    0.21453E+01
    0.13814E+02   -0.88563E+00    0.60374E+02    0.17808E+01
    0.18385E+02   -0.26332E+00    0.18510E+03    0.22674E+01
    0.22097E+02   -0.44500E+00    0.14459E+03    0.21601E+01
    0.16256E+02   -0.17219E+01    0.31775E+02    0.15021E+01
    0.10688E+01   -0.40836E+00    0.12480E+03    0.20962E+01
    0.17378E+02   -0.14036E+01    0.36944E+02    0.15675E+01
    0.51422E+01   -0.48964E+00    0.11028E+03    0.20425E+01
    0.24358E+02   -0.48964E+00    0.14657E+03    0.21660E+01
    0.23813E+02   -0.18633E+01    0.32870E+02    0.15168E+01
    0.56875E+01   -0.18633E+01    0.32977E+02    0.15182E+01
    0.20217E+02   -0.18635E+01    0.31772E+02    0.15020E+01
    0.92825E+01   -0.18635E+01    0.31645E+02    0.15003E+01
    0.43165E+01   -0.10621E+01    0.53790E+02    0.17307E+01
    0.25184E+02   -0.10621E+01    0.59366E+02    0.17735E+01
    0.10805E+02   -0.14164E+01    0.35870E+02    0.15547E+01
    0.28908E+02   -0.45550E+00    0.13979E+03    0.21455E+01
    0.59195E+00   -0.45564E+00    0.10328E+03    0.20140E+01
    0.30164E+01   -0.74072E+00    0.72196E+02    0.18585E+01
    0.19679E+02   -0.50669E+00    0.12607E+03    0.21006E+01
    0.98327E+01   -0.49488E+00    0.11827E+03    0.20729E+01
    0.26484E+02   -0.73910E+00    0.91354E+02    0.19607E+01
    0.13488E+02   -0.57534E+00    0.98954E+02    0.19954E+01
    0.14411E+01   -0.48441E+00    0.10493E+03    0.20209E+01
    0.28059E+02   -0.48442E+00    0.13422E+03    0.21278E+01
    0.29492E+02   -0.12426E+00    0.15402E+03    0.21876E+01
    0.11286E+02   -0.41124E+00    0.13106E+03    0.21175E+01
    0.16217E+02   -0.24841E+00    0.17066E+03    0.22321E+01
    0.13201E+02   -0.70705E+00    0.77608E+02    0.18899E+01
    0.17418E+02   -0.16824E+01    0.32121E+02    0.15068E+01
    0.14023E+02   -0.38267E+00    0.14437E+03    0.21595E+01
    0.19539E+00   -0.18429E+01    0.71305E+02    0.18531E+01
    0.29305E+02   -0.18429E+01    0.86397E+02    0.19365E+01
    0.16861E+02   -0.34448E+00    0.14924E+03    0.21739E+01
    0.10725E+02   -0.40123E+00    0.13224E+03    0.21214E+01
    0.59641E+01   -0.29761E+00    0.15121E+03    0.21796E+01
    0.23536E+02   -0.29758E+00    0.19195E+03    0.22832E+01
    0.17740E+02   -0.18374E+01    0.31087E+02    0.14926E+01
    0.48668E+01   -0.19420E+00    0.17267E+03    0.22372E+01
    0.83885E+01   -0.23798E+00    0.18636E+03    0.22704E+01
    0.21112E+02   -0.23798E+00    0.21863E+03    0.23397E+01
    0.24633E+02   -0.19421E+00    0.22776E+03    0.23575E+01
    0.19740E+02   -0.16935E+01    0.34177E+02    0.15337E+01
    0.97596E+01   -0.16935E+01    0.33309E+02    0.15226E+01
    0.28518E+02   -0.21586E+00    0.17564E+03    0.22446E+01
    0.98244E+00   -0.21676E+00    0.14882E+03    0.21727E+01
    0.76017E+01   -0.28246E+00    0.17498E+03    0.22430E+01
    0.17940E+02   -0.24935E+00    0.19850E+03    0.22978E+01
    0.21899E+02   -0.28159E+00    0.19422E+03    0.22883E+01
    0.18198E+02   -0.26733E+00    0.18866E+03    0.22757E+01
    0.21825E+02   -0.37061E+00    0.17100E+03    0.22330E+01
    0.76754E+01   -0.37059E+00    0.15185E+03    0.21814E+01
    0.18470E+02   -0.67703E+00    0.86956E+02    0.19393E+01
    0.12657E+02   -0.64957E+00    0.82878E+02    0.19184E+01
    0.24289E+02   -0.16934E+01    0.36088E+02    0.15574E+01
    0.52115E+01   -0.16934E+01    0.35529E+02    0.15506E+01
    0.18022E+02   -0.19847E+00    0.22024E+03    0.23429E+01
    0.12352E+02   -0.73616E+00    0.68051E+02    0.18328E+01
    0.18420E+02   -0.18481E+01    0.31447E+02    0.14976E+01
    0.18734E+02   -0.16779E+01    0.32947E+02    0.15178E+01
    0.13739E+02   -0.44624E+00    0.12723E+03    0.21046E+01
    0.12992E+02   -0.39576E+00    0.14459E+03    0.21601E+01
    0.50147E+01   -0.18536E+01    0.33934E+02    0.15306E+01
    0.24485E+02   -0.18536E+01    0.33437E+02    0.15242E+01
    0.14000E+02   -0.53417E+00    0.10870E+03    0.20362E+01
    0.18149E+02   -0.78074E+00    0.70446E+02    0.18479E+01
    0.12037E+02   -0.85255E+00    0.57745E+02    0.17615E+01
    0.12176E+02   -0.40883E+00    0.13574E+03    0.21327E+01
    0.99561E+01   -0.18534E+01    0.30912E+02    0.14901E+01
    0.19544E+02   -0.18534E+01    0.31815E+02    0.15026E+01
    0.85241E+01   -0.39809E+00    0.14424E+03    0.21591E+01
    0.20976E+02   -0.39808E+00    0.16445E+03    0.22160E+01
    0.28820E+01   -0.23789E+00    0.14975E+03    0.21754E+01
    0.10627E+01   -0.27171E+00    0.14291E+03    0.21551E+01
    0.25819E+02   -0.41081E+00    0.15550E+03    0.21917E+01
    0.36816E+01   -0.41113E+00    0.12719E+03    0.21044E+01
    0.12881E+02   -0.18572E+01    0.31354E+02    0.14963E+01
    0.29207E+02   -0.43580E+00    0.14090E+03    0.21489E+01
    0.30878E+00   -0.43774E+00    0.10036E+03    0.20016E+01
    0.28437E+02   -0.27048E+00    0.16973E+03    0.22298E+01
    0.83057E+01   -0.18112E+00    0.19980E+03    0.23006E+01
    0.21194E+02   -0.18111E+00    0.23162E+03    0.23648E+01
    0.17237E+02   -0.38243E+00    0.14813E+03    0.21706E+01
    0.11294E+02   -0.16756E+01    0.32237E+02    0.15084E+01
    0.55051E+01   -0.22874E+00    0.16802E+03    0.22254E+01
    0.23995E+02   -0.22867E+00    0.21925E+03    0.23409E+01
    0.27770E+02   -0.88108E+00    0.85954E+02    0.19343E+01
    0.17293E+01   -0.88094E+00    0.65907E+02    0.18189E+01
    0.15055E+02   -0.89669E+00    0.61896E+02    0.17917E+01
    0.25483E+02   -0.10738E+00    0.21361E+03    0.23296E+01
    0.40173E+01   -0.10734E+00    0.17707E+03    0.22481E+01
    0.23538E+02   -0.89823E+00    0.69042E+02    0.18391E+01
    0.59618E+01   -0.89827E+00    0.58715E+02    0.17687E+01
    0.20489E+02   -0.89418E+00    0.64804E+02    0.18116E+01
    0.90107E+01   -0.89419E+00    0.62584E+02    0.17965E+01
    0.17580E+02   -0.66767E+00    0.80874E+02    0.19078E+01
    0.17258E+02   -0.74019E+00    0.68756E+02    0.18373E+01
    0.29734E+01   -0.89348E+00    0.60909E+02    0.17847E+01
    0.20554E+02   -0.52722E+00    0.12996E+03    0.21138E+01
    0.89465E+01   -0.52722E+00    0.12116E+03    0.20834E+01
    0.26527E+02   -0.89171E+00    0.74383E+02    0.18715E+01
    0.13520E+02   -0.33651E+00    0.16401E+03    0.22149E+01
    0.11878E+02   -0.37495E+00    0.13778E+03    0.21392E+01
    0.15508E+02   -0.22691E+00    0.17963E+03    0.22544E+01
    0.18223E+02   -0.16847E+01    0.33610E+02    0.15265E+01
    0.61944E+01   -0.37681E+00    0.13653E+03    0.21352E+01
    0.13103E+02   -0.37649E+00    0.15520E+03    0.21909E+01
    0.23306E+02   -0.37682E+00    0.16890E+03    0.22276E+01
    0.26616E+02   -0.24109E+00    0.20330E+03    0.23081E+01
    0.11441E+02   -0.71265E+00    0.70874E+02    0.18505E+01
    0.17677E+02   -0.41527E+00    0.14266E+03    0.21543E+01
    0.35350E+01   -0.72338E+00    0.77720E+02    0.18905E+01
    0.25965E+02   -0.71984E+00    0.93128E+02    0.19691E+01
    0.16923E+02   -0.83327E+00    0.60168E+02    0.17794E+01
    0.87142E+01   -0.54685E+00    0.11697E+03    0.20681E+01
    0.27302E+02   -0.56155E+00    0.12663E+03    0.21025E+01
    0.20786E+02   -0.54686E+00    0.12771E+03    0.21062E+01
    0.11044E+02   -0.48139E+00    0.10897E+03    0.20373E+01
    0.19024E+02   -0.58479E+00    0.10336E+03    0.20144E+01
    0.28252E+02   -0.27662E+00    0.16691E+03    0.22225E+01
    0.18736E+02   -0.52448E+00    0.11722E+03    0.20690E+01
    0.12482E+01   -0.27765E+00    0.14088E+03    0.21489E+01
    0.17947E+02   -0.16740E+01    0.33624E+02    0.15266E+01
    0.32606E+01   -0.63123E+00    0.87483E+02    0.19419E+01
    0.26239E+02   -0.62938E+00    0.11098E+03    0.20452E+01
    0.47119E+01   -0.16794E+01    0.35881E+02    0.15549E+01
    0.24788E+02   -0.16795E+01    0.35777E+02    0.15536E+01
    0.24817E+02   -0.26847E+00    0.19431E+03    0.22885E+01
    0.46826E+01   -0.26847E+00    0.15293E+03    0.21845E+01
    0.10259E+02   -0.16783E+01    0.32062E+02    0.15060E+01
    0.19251E+02   -0.16832E+01    0.33424E+02    0.15241E+01
    0.14142E+02   -0.62441E+00    0.89657E+02    0.19526E+01
    0.22641E+02   -0.61330E+00    0.10514E+03    0.20218E+01
    0.68592E+01   -0.61327E+00    0.92057E+02    0.19641E+01
    0.21381E+02   -0.64194E+00    0.98800E+02    0.19948E+01
    0.81190E+01   -0.64196E+00    0.89658E+02    0.19526E+01
    0.12363E+02   -0.19993E+00    0.20230E+03    0.23060E+01
    0.15411E+02   -0.82528E+00    0.65867E+02    0.18187E+01
    0.13760E+01   -0.84161E+00    0.73398E+02    0.18657E+01
    0.28122E+02   -0.83907E+00    0.95177E+02    0.19785E+01
    0.46041E+00   -0.38925E+00    0.10394E+03    0.20168E+01
    0.29048E+02   -0.38505E+00    0.14590E+03    0.21640E+01
    0.15750E+02   -0.77009E+00    0.69920E+02    0.18446E+01
    0.10480E+01   -0.77374E+00    0.81031E+02    0.19086E+01
    0.28451E+02   -0.77188E+00    0.10489E+03    0.20208E+01
    0.10924E+02   -0.58447E+00    0.89050E+02    0.19496E+01
    0.23884E+02   -0.82680E+00    0.76151E+02    0.18817E+01
    0.56157E+01   -0.82683E+00    0.62672E+02    0.17971E+01
    0.16068E+02   -0.73230E+00    0.73081E+02    0.18638E+01
    0.16373E+02   -0.68072E+00    0.77030E+02    0.18867E+01
    0.40370E+01   -0.59052E+00    0.92981E+02    0.19684E+01
    0.25463E+02   -0.59057E+00    0.11012E+03    0.20419E+01
    0.25172E+02   -0.62892E+00    0.10186E+03    0.20080E+01
    0.43282E+01   -0.62889E+00    0.85397E+02    0.19314E+01
    0.24872E+02   -0.68621E+00    0.94735E+02    0.19765E+01
    0.46286E+01   -0.68619E+00    0.77766E+02    0.18908E+01
    0.49417E+01   -0.72542E+00    0.71348E+02    0.18534E+01
    0.24558E+02   -0.72542E+00    0.88711E+02    0.19480E+01
    0.70201E+01   -0.83726E+00    0.65872E+02    0.18187E+01
    0.22480E+02   -0.83749E+00    0.72425E+02    0.18599E+01
    0.52762E+01   -0.77433E+00    0.66960E+02    0.18258E+01
    0.24224E+02   -0.77432E+00    0.83286E+02    0.19206E+01
    0.10635E+02   -0.64329E+00    0.82693E+02    0.19175E+01
    0.19164E+02   -0.68297E+00    0.84993E+02    0.19294E+01
    0.25950E+02   -0.38128E+00    0.16373E+03    0.22141E+01
    0.10344E+02   -0.68793E+00    0.77563E+02    0.18897E+01
    0.20131E+02   -0.84476E+00    0.68563E+02    0.18361E+01
    0.93691E+01   -0.84477E+00    0.65409E+02    0.18156E+01
    0.19482E+02   -0.74040E+00    0.78285E+02    0.18937E+01
    0.10031E+02   -0.72719E+00    0.72946E+02    0.18630E+01
    0.35502E+01   -0.38171E+00    0.13140E+03    0.21186E+01
    0.19801E+02   -0.78168E+00    0.72923E+02    0.18629E+01
    0.96992E+01   -0.78169E+00    0.68762E+02    0.18373E+01
    0.43817E+01   -0.12461E+01    0.46447E+02    0.16670E+01
    0.25118E+02   -0.12461E+01    0.49581E+02    0.16953E+01
    0.11233E+02   -0.28632E+00    0.15836E+03    0.21997E+01
    0.99469E+01   -0.40374E+00    0.14432E+03    0.21593E+01
    0.19537E+02   -0.41733E+00    0.14826E+03    0.21710E+01
    0.26389E+01   -0.65036E+00    0.76534E+02    0.18839E+01
    0.26864E+02   -0.64574E+00    0.10282E+03    0.20121E+01
    0.39200E+01   -0.49065E+00    0.10928E+03    0.20386E+01
    0.25580E+02   -0.49071E+00    0.13098E+03    0.21172E+01
    0.28026E+01   -0.18522E+00    0.16403E+03    0.22149E+01
    0.26697E+02   -0.18817E+00    0.21618E+03    0.23348E+01
    0.72033E+00   -0.71997E+00    0.86365E+02    0.19363E+01
    0.28779E+02   -0.71954E+00    0.11369E+03    0.20557E+01
    0.20148E+02   -0.48486E+00    0.12645E+03    0.21019E+01
    0.93517E+01   -0.48487E+00    0.11800E+03    0.20719E+01
    0.14914E+01   -0.35005E+00    0.12423E+03    0.20942E+01
    0.28009E+02   -0.35003E+00    0.15531E+03    0.21912E+01
    0.13302E+02   -0.16939E+01    0.34228E+02    0.15344E+01
    0.39767E+00   -0.69404E+00    0.89821E+02    0.19534E+01
    0.29102E+02   -0.69292E+00    0.12095E+03    0.20826E+01
    0.28859E+02   -0.19253E+00    0.15620E+03    0.21937E+01
    0.64134E+00   -0.19295E+00    0.11903E+03    0.20756E+01
    0.12574E+02   -0.17056E+01    0.32285E+02    0.15090E+01
    0.54799E+01   -0.17031E+01    0.35174E+02    0.15462E+01
    0.24020E+02   -0.17031E+01    0.35843E+02    0.15544E+01
    0.16993E+02   -0.22179E+00    0.18989E+03    0.22785E+01
    0.94905E+01   -0.17036E+01    0.33615E+02    0.15265E+01
    0.20010E+02   -0.17036E+01    0.34162E+02    0.15335E+01
    0.10186E+02   -0.20637E+00    0.18544E+03    0.22682E+01
    0.59503E+01   -0.14431E+01    0.38444E+02    0.15848E+01
    0.23550E+02   -0.14431E+01    0.40596E+02    0.16085E+01
    0.90198E+01   -0.14433E+01    0.38310E+02    0.15833E+01
    0.20480E+02   -0.14433E+01    0.38634E+02    0.15870E+01
    0.12560E+02   -0.37188E+00    0.14687E+03    0.21669E+01
    0.13263E+02   -0.14505E+01    0.37421E+02    0.15731E+01
    0.21988E+02   -0.55554E+00    0.11554E+03    0.20627E+01
    0.75118E+01   -0.55469E+00    0.10596E+03    0.20251E+01
    0.12926E+02   -0.27105E+00    0.17664E+03    0.22471E+01
    0.10368E+02   -0.18703E+00    0.19714E+03    0.22948E+01
    0.15766E+02   -0.27238E+00    0.16733E+03    0.22236E+01
    0.32708E+00   -0.13430E+01    0.74653E+02    0.18730E+01
    0.29173E+02   -0.13426E+01    0.93843E+02    0.19724E+01
    0.78095E+01   -0.60373E+00    0.94822E+02    0.19769E+01
    0.21691E+02   -0.60371E+00    0.10487E+03    0.20207E+01
    0.11020E+02   -0.34866E+00    0.14498E+03    0.21613E+01
    0.89167E+01   -0.28695E+00    0.17659E+03    0.22470E+01
    0.20583E+02   -0.28785E+00    0.19342E+03    0.22865E+01
    0.12103E+02   -0.14091E+01    0.35939E+02    0.15556E+01
    0.52664E+01   -0.42017E+00    0.12897E+03    0.21105E+01
    0.24234E+02   -0.42034E+00    0.17221E+03    0.22361E+01
    0.25554E+02   -0.34292E+00    0.16337E+03    0.22132E+01
    0.39461E+01   -0.34287E+00    0.13539E+03    0.21316E+01
    0.16136E+02   -0.19250E+00    0.18434E+03    0.22656E+01
    0.17775E+02   -0.12716E+01    0.41741E+02    0.16206E+01
    0.49812E+01   -0.13068E+01    0.42158E+02    0.16249E+01
    0.24519E+02   -0.13068E+01    0.45407E+02    0.16571E+01
    0.25763E+02   -0.28758E+00    0.18144E+03    0.22587E+01
    0.37368E+01   -0.28763E+00    0.14840E+03    0.21714E+01
    0.10562E+02   -0.24423E+00    0.18162E+03    0.22592E+01
    0.62915E+01   -0.56946E+00    0.10105E+03    0.20046E+01
    0.23208E+02   -0.56944E+00    0.12313E+03    0.20904E+01
    0.19510E+02   -0.13078E+01    0.41616E+02    0.16193E+01
    0.99901E+01   -0.13075E+01    0.39782E+02    0.15997E+01
    0.16032E+02   -0.19253E+00    0.19245E+03    0.22843E+01
    0.50180E+01   -0.39693E+00    0.13230E+03    0.21215E+01
    0.24482E+02   -0.39693E+00    0.17713E+03    0.22483E+01
    0.56022E+01   -0.28386E+00    0.15657E+03    0.21947E+01
    0.23898E+02   -0.28278E+00    0.20304E+03    0.23076E+01
    0.18920E+02   -0.12373E+01    0.43562E+02    0.16391E+01
    0.28229E+01   -0.97090E+00    0.56083E+02    0.17488E+01
    0.26677E+02   -0.96991E+00    0.68307E+02    0.18345E+01
    0.95646E+01   -0.27709E+00    0.16460E+03    0.22164E+01
    0.19936E+02   -0.27716E+00    0.18665E+03    0.22710E+01
    0.48128E+01   -0.26708E+00    0.15312E+03    0.21850E+01
    0.24687E+02   -0.26708E+00    0.20008E+03    0.23012E+01
    0.17907E+02   -0.35117E+00    0.16621E+03    0.22206E+01
    0.27701E+02   -0.20472E+00    0.19689E+03    0.22942E+01
    0.17995E+01   -0.20502E+00    0.15146E+03    0.21803E+01
    0.52470E+01   -0.28559E+00    0.15136E+03    0.21800E+01
    0.24253E+02   -0.28577E+00    0.20180E+03    0.23049E+01
    0.67261E-01   -0.64291E+00    0.95416E+02    0.19796E+01
    0.29441E+02   -0.64122E+00    0.12922E+03    0.21113E+01
    0.56799E+01   -0.20565E+00    0.17455E+03    0.22419E+01
    0.23820E+02   -0.20459E+00    0.22110E+03    0.23446E+01
    0.21549E+02   -0.95034E+00    0.63927E+02    0.18057E+01
    0.79510E+01   -0.95035E+00    0.60599E+02    0.17825E+01
    0.12912E+02   -0.85924E+00    0.61338E+02    0.17877E+01
    0.10300E+02   -0.25721E+00    0.17553E+03    0.22444E+01
    0.97337E+01   -0.28721E+00    0.16249E+03    0.22108E+01
    0.19767E+02   -0.28777E+00    0.18679E+03    0.22714E+01
    0.27606E+02   -0.25142E+00    0.19349E+03    0.22867E+01
    0.18889E+01   -0.25464E+00    0.14663E+03    0.21662E+01
    0.11534E+02   -0.58805E+00    0.94140E+02    0.19738E+01
    0.10808E+02   -0.31787E+00    0.15850E+03    0.22000E+01
    0.83166E+00   -0.39053E+00    0.12048E+03    0.20809E+01
    0.28668E+02   -0.39003E+00    0.15186E+03    0.21815E+01
    0.23415E+02   -0.12564E+01    0.46991E+02    0.16720E+01
    0.20615E+02   -0.12564E+01    0.44526E+02    0.16486E+01
    0.88854E+01   -0.12564E+01    0.43948E+02    0.16429E+01
    0.60847E+01   -0.12564E+01    0.43139E+02    0.16349E+01
    0.27620E+02   -0.12689E+01    0.64183E+02    0.18074E+01
    0.18803E+01   -0.12689E+01    0.52318E+02    0.17186E+01
    0.14908E+02   -0.12681E+01    0.42544E+02    0.16288E+01
    0.17459E+02   -0.36189E+00    0.16059E+03    0.22057E+01
    0.15993E+02   -0.40592E+00    0.13399E+03    0.21271E+01
    0.11696E+02   -0.94888E+00    0.50084E+02    0.16997E+01
    0.11401E+02   -0.38841E+00    0.13902E+03    0.21431E+01
    0.17827E+02   -0.90810E+00    0.58579E+02    0.17677E+01
    0.16950E+02   -0.13410E+01    0.38824E+02    0.15891E+01
    0.18740E+02   -0.14063E+01    0.38045E+02    0.15803E+01
    0.29460E+01   -0.60099E+00    0.86201E+02    0.19355E+01
    0.26555E+02   -0.59972E+00    0.11471E+03    0.20596E+01
    0.38669E+01   -0.18692E+01    0.36477E+02    0.15620E+01
    0.25633E+02   -0.18692E+01    0.35893E+02    0.15550E+01
    0.27506E+01   -0.40886E-01    0.17529E+03    0.22438E+01
    0.32500E+01   -0.48113E-01    0.15261E+03    0.21836E+01
    0.37515E+01   -0.55507E-01    0.17593E+03    0.22453E+01
    0.42492E+01   -0.46034E-01    0.17261E+03    0.22371E+01
    0.47490E+01   -0.56817E-01    0.18773E+03    0.22735E+01
    0.13750E+02   -0.48229E-01    0.23146E+03    0.23645E+01
    0.82506E+01   -0.40415E-01    0.20771E+03    0.23175E+01
    0.26749E+02   -0.40886E-01    0.22703E+03    0.23561E+01
    0.13250E+02   -0.48665E-01    0.19255E+03    0.22845E+01
    0.22750E+02   -0.47011E-01    0.23873E+03    0.23779E+01
    0.77601E+01   -0.58144E-01    0.18763E+03    0.22733E+01
    0.17250E+02   -0.49750E-01    0.21400E+03    0.23304E+01
    0.26250E+02   -0.48113E-01    0.22731E+03    0.23566E+01
    0.12753E+02   -0.54514E-01    0.19137E+03    0.22819E+01
    0.22250E+02   -0.48113E-01    0.21806E+03    0.23386E+01
    0.72500E+01   -0.48113E-01    0.21407E+03    0.23306E+01
    0.16750E+02   -0.47440E-01    0.21361E+03    0.23296E+01
    0.25749E+02   -0.55506E-01    0.21694E+03    0.23363E+01
    0.23653E+00   -0.64885E-01    0.10782E+03    0.20327E+01
    0.29250E+02   -0.49520E-01    0.16452E+03    0.22162E+01
    0.16916E+02   -0.52170E-01    0.21704E+03    0.23365E+01
    0.44190E+01   -0.47336E-01    0.18302E+03    0.22625E+01
    0.16583E+02   -0.48113E-01    0.22399E+03    0.23502E+01
    0.21740E+02   -0.58141E-01    0.23666E+03    0.23741E+01
    0.16416E+02   -0.49956E-01    0.18494E+03    0.22670E+01
    0.16245E+02   -0.49352E-01    0.17745E+03    0.22491E+01
    0.12250E+02   -0.48113E-01    0.21095E+03    0.23242E+01
    0.67501E+01   -0.47019E-01    0.19342E+03    0.22865E+01
    0.25251E+02   -0.46046E-01    0.21383E+03    0.23301E+01
    0.17083E+02   -0.52061E-01    0.21160E+03    0.23255E+01
    0.12417E+02   -0.48113E-01    0.22816E+03    0.23582E+01
    0.75000E+00   -0.48113E-01    0.12132E+03    0.20839E+01
    0.28750E+02   -0.48113E-01    0.14964E+03    0.21751E+01
    0.12579E+02   -0.51139E-01    0.20032E+03    0.23017E+01
    0.12917E+02   -0.49936E-01    0.20840E+03    0.23189E+01
    0.74192E+01   -0.56500E-01    0.22617E+03    0.23544E+01
    0.25081E+02   -0.47336E-01    0.22971E+03    0.23612E+01
    0.21915E+02   -0.52870E-01    0.21963E+03    0.23417E+01
    0.13083E+02   -0.48113E-01    0.20787E+03    0.23178E+01
    0.35796E+01   -0.50586E-01    0.18484E+03    0.22668E+01
    0.25920E+02   -0.50570E-01    0.22755E+03    0.23571E+01
    0.13417E+02   -0.47777E-01    0.20014E+03    0.23013E+01
    0.30830E+01   -0.48770E-01    0.15493E+03    0.21901E+01
    0.26417E+02   -0.48528E-01    0.23512E+03    0.23713E+01
    0.22081E+02   -0.56383E-01    0.22655E+03    0.23552E+01
    0.75860E+01   -0.53770E-01    0.19631E+03    0.22929E+01
    0.15918E+02   -0.49382E-01    0.21403E+03    0.23305E+01
    0.12087E+02   -0.53789E-01    0.20978E+03    0.23218E+01
    0.13583E+02   -0.48113E-01    0.24026E+03    0.23807E+01
    0.21249E+02   -0.40415E-01    0.23318E+03    0.23677E+01
    0.15751E+02   -0.51464E-01    0.19832E+03    0.22974E+01
    0.24751E+02   -0.56815E-01    0.23632E+03    0.23735E+01
    0.11917E+02   -0.48113E-01    0.20858E+03    0.23193E+01
    0.12511E+01   -0.53516E-01    0.15966E+03    0.22032E+01
    0.28249E+02   -0.53200E-01    0.18287E+03    0.22621E+01
    0.29126E+01   -0.48680E-01    0.17990E+03    0.22550E+01
    0.26588E+02   -0.48554E-01    0.22920E+03    0.23602E+01
    0.10810E+01   -0.53929E-01    0.17060E+03    0.22320E+01
    0.28419E+02   -0.53485E-01    0.19496E+03    0.22899E+01
    0.11750E+02   -0.48113E-01    0.19723E+03    0.22950E+01
    0.62500E+01   -0.48113E-01    0.18564E+03    0.22687E+01
    0.91308E+00   -0.50752E-01    0.14189E+03    0.21520E+01
    0.28587E+02   -0.50704E-01    0.16519E+03    0.22180E+01
    0.17417E+02   -0.50023E-01    0.23655E+03    0.23739E+01
    0.64167E+01   -0.49375E-01    0.19930E+03    0.22995E+01
    0.65834E+01   -0.48228E-01    0.19788E+03    0.22964E+01
    0.84146E+01   -0.48771E-01    0.21280E+03    0.23280E+01
    0.22917E+02   -0.48221E-01    0.25574E+03    0.24078E+01
    0.21085E+02   -0.48771E-01    0.24640E+03    0.23916E+01
    0.15584E+02   -0.52400E-01    0.20080E+03    0.23028E+01
    0.11583E+02   -0.49757E-01    0.20369E+03    0.23090E+01
    0.60811E+01   -0.40886E-01    0.18723E+03    0.22724E+01
    0.58390E+00   -0.40522E-01    0.11377E+03    0.20560E+01
    0.28916E+02   -0.40106E-01    0.15000E+03    0.21761E+01
    0.50795E+01   -0.53468E-01    0.18219E+03    0.22605E+01
    0.17583E+02   -0.50076E-01    0.21398E+03    0.23304E+01
    0.23083E+02   -0.49376E-01    0.22561E+03    0.23534E+01
    0.85830E+01   -0.47871E-01    0.21087E+03    0.23240E+01
    0.24421E+02   -0.53469E-01    0.23625E+03    0.23734E+01
    0.54171E+01   -0.54058E-01    0.18033E+03    0.22561E+01
    0.20917E+02   -0.47870E-01    0.24936E+03    0.23968E+01
    0.89175E+01   -0.54043E-01    0.20666E+03    0.23153E+01
    0.59129E+01   -0.59015E-01    0.19848E+03    0.22977E+01
    0.15417E+02   -0.55353E-01    0.20180E+03    0.23049E+01
    0.11415E+02   -0.50251E-01    0.20401E+03    0.23096E+01
    0.23915E+02   -0.53729E-01    0.24273E+03    0.23851E+01
    0.23419E+02   -0.40885E-01    0.22937E+03    0.23605E+01
    0.17920E+02   -0.49367E-01    0.22063E+03    0.23437E+01
    0.20416E+02   -0.52812E-01    0.22122E+03    0.23448E+01
    0.55855E+01   -0.54724E-01    0.19454E+03    0.22890E+01
    0.17750E+02   -0.48113E-01    0.20465E+03    0.23110E+01
    0.90839E+01   -0.51016E-01    0.21265E+03    0.23277E+01
    0.23250E+02   -0.48113E-01    0.21565E+03    0.23337E+01
    0.87500E+01   -0.48113E-01    0.19979E+03    0.23006E+01
    0.14250E+02   -0.47854E-01    0.19588E+03    0.22920E+01
    0.23587E+02   -0.59011E-01    0.24504E+03    0.23892E+01
    0.24083E+02   -0.54996E-01    0.23618E+03    0.23732E+01
    0.14417E+02   -0.48113E-01    0.20632E+03    0.23145E+01
    0.52501E+01   -0.54245E-01    0.17226E+03    0.22362E+01
    0.18082E+02   -0.41097E-01    0.23635E+03    0.23736E+01
    0.20582E+02   -0.54825E-01    0.22870E+03    0.23593E+01
    0.22573E+01   -0.47280E-01    0.17794E+03    0.22503E+01
    0.27243E+02   -0.46688E-01    0.19885E+03    0.22985E+01
    0.20845E+01   -0.49322E-01    0.18660E+03    0.22709E+01
    0.27415E+02   -0.48632E-01    0.21600E+03    0.23344E+01
    0.94145E+01   -0.51555E-01    0.20622E+03    0.23143E+01
    0.14583E+02   -0.48828E-01    0.20556E+03    0.23129E+01
    0.19917E+02   -0.48113E-01    0.23422E+03    0.23696E+01
    0.41765E+00   -0.50177E-01    0.11787E+03    0.20714E+01
    0.29083E+02   -0.48113E-01    0.17657E+03    0.22469E+01
    0.19120E+01   -0.49421E-01    0.16327E+03    0.22129E+01
    0.27588E+02   -0.49306E-01    0.21559E+03    0.23336E+01
    0.18917E+02   -0.50638E-01    0.22301E+03    0.23483E+01
    0.95833E+01   -0.48113E-01    0.19115E+03    0.22814E+01
    0.99156E+01   -0.54510E-01    0.19662E+03    0.22936E+01
    0.19580E+02   -0.54887E-01    0.23763E+03    0.23759E+01
    0.20085E+02   -0.51555E-01    0.21326E+03    0.23289E+01
    0.19084E+02   -0.50196E-01    0.22824E+03    0.23584E+01
    0.14750E+02   -0.48113E-01    0.19311E+03    0.22858E+01
    0.57470E+01   -0.41758E-01    0.18942E+03    0.22774E+01
    0.18250E+02   -0.48113E-01    0.22270E+03    0.23477E+01
    0.23753E+02   -0.41756E-01    0.23313E+03    0.23676E+01
    0.92500E+01   -0.47299E-01    0.20274E+03    0.23069E+01
    0.17381E+01   -0.44903E-01    0.15707E+03    0.21961E+01
    0.27762E+02   -0.44903E-01    0.20041E+03    0.23019E+01
    0.10580E+02   -0.47957E-01    0.21160E+03    0.23255E+01
    0.15248E+02   -0.55908E-01    0.19717E+03    0.22948E+01
    0.18750E+02   -0.53371E-01    0.21016E+03    0.23226E+01
    0.24250E+02   -0.54248E-01    0.22418E+03    0.23506E+01
    0.97467E+01   -0.55081E-01    0.18313E+03    0.22628E+01
    0.19255E+02   -0.48189E-01    0.21879E+03    0.23400E+01
    0.10252E+02   -0.48648E-01    0.20182E+03    0.23050E+01
    0.19753E+02   -0.55080E-01    0.22759E+03    0.23572E+01
    0.10751E+02   -0.44960E-01    0.19616E+03    0.22926E+01
    0.20250E+02   -0.47299E-01    0.20535E+03    0.23125E+01
    0.11238E+02   -0.54564E-01    0.20115E+03    0.23035E+01
    0.20750E+02   -0.48113E-01    0.22746E+03    0.23569E+01
    0.19791E+02   -0.42513E+00    0.15301E+03    0.21847E+01
    0.97098E+01   -0.42457E+00    0.13789E+03    0.21395E+01
    0.16083E+02   -0.40313E-01    0.19174E+03    0.22827E+01
    0.26914E+02   -0.47517E-01    0.23028E+03    0.23623E+01
    0.25861E+01   -0.47685E-01    0.17732E+03    0.22488E+01
    0.13982E+02   -0.94319E+00    0.55802E+02    0.17467E+01
    0.11132E+02   -0.81160E+00    0.62174E+02    0.17936E+01
    0.16599E+02   -0.92708E+00    0.54839E+02    0.17391E+01
    0.38421E+01   -0.81756E+00    0.70412E+02    0.18476E+01
    0.25658E+02   -0.81558E+00    0.81051E+02    0.19088E+01
    0.90953E+01   -0.26956E+00    0.18116E+03    0.22581E+01
    0.20404E+02   -0.27171E+00    0.19218E+03    0.22837E+01
    0.34589E+01   -0.89425E+00    0.65016E+02    0.18130E+01
    0.26083E+02   -0.39691E-01    0.22863E+03    0.23591E+01
    0.34167E+01   -0.39711E-01    0.16590E+03    0.22198E+01
    0.18816E+02   -0.78772E+00    0.70025E+02    0.18453E+01
    0.14312E+02   -0.92384E+00    0.58514E+02    0.17673E+01
    0.60236E+01   -0.19828E+00    0.17606E+03    0.22457E+01
    0.23476E+02   -0.19827E+00    0.22025E+03    0.23429E+01
    0.24583E+02   -0.41279E-01    0.25192E+03    0.24013E+01
    0.49170E+01   -0.41279E-01    0.18912E+03    0.22767E+01
    0.12111E+02   -0.28030E+00    0.17012E+03    0.22308E+01
    0.19124E+02   -0.36883E+00    0.16730E+03    0.22235E+01
    0.10104E+02   -0.25903E+00    0.17469E+03    0.22423E+01
    0.12298E+02   -0.25678E+00    0.17849E+03    0.22516E+01
    0.18581E+02   -0.53030E-01    0.22030E+03    0.23430E+01
    0.18501E+02   -0.13011E+01    0.40398E+02    0.16064E+01
    0.15424E+02   -0.28579E+00    0.16429E+03    0.22156E+01
    0.13298E+02   -0.88444E+00    0.61183E+02    0.17866E+01
    0.71815E+01   -0.70974E+00    0.77027E+02    0.18866E+01
    0.22319E+02   -0.71068E+00    0.84666E+02    0.19277E+01
    0.19417E+02   -0.46086E-01    0.22669E+03    0.23554E+01
    0.10085E+02   -0.48383E-01    0.20517E+03    0.23121E+01
    0.14665E+02   -0.21258E+00    0.18608E+03    0.22697E+01
    0.18389E+02   -0.38552E+00    0.15214E+03    0.21822E+01
    0.10417E+02   -0.39165E-01    0.21244E+03    0.23272E+01
    0.26536E+01   -0.85083E+00    0.61382E+02    0.17880E+01
    0.26847E+02   -0.85210E+00    0.78495E+02    0.18948E+01
    0.28794E+02   -0.25496E+00    0.15711E+03    0.21962E+01
    0.70558E+00   -0.25498E+00    0.12269E+03    0.20888E+01
    0.29417E+02   -0.48113E-01    0.15535E+03    0.21913E+01
    0.21391E+02   -0.84032E+00    0.71370E+02    0.18535E+01
    0.81094E+01   -0.84033E+00    0.67095E+02    0.18267E+01
    0.22639E+02   -0.79400E+00    0.78085E+02    0.18926E+01
    0.64576E+01   -0.36378E+00    0.14937E+03    0.21743E+01
    0.68606E+01   -0.79396E+00    0.69681E+02    0.18431E+01
    0.12724E+02   -0.82612E+00    0.62534E+02    0.17961E+01
    0.23042E+02   -0.36377E+00    0.18114E+03    0.22580E+01
    0.32787E+01   -0.88732E+00    0.64570E+02    0.18100E+01
    0.73757E-01   -0.44761E-01    0.10527E+03    0.20223E+01
    0.18217E+02   -0.97658E+00    0.55830E+02    0.17469E+01
    0.15079E+02   -0.51210E-01    0.20922E+03    0.23206E+01
    0.70694E+01   -0.97340E+00    0.55066E+02    0.17409E+01
    0.22431E+02   -0.97353E+00    0.59171E+02    0.17721E+01
    0.12189E+02   -0.20687E+00    0.18608E+03    0.22697E+01
    0.13918E+02   -0.44818E-01    0.23170E+03    0.23649E+01
    0.16483E+02   -0.58189E+00    0.93195E+02    0.19694E+01
    0.22167E+02   -0.21501E+00    0.19727E+03    0.22951E+01
    0.17635E+02   -0.85924E+00    0.60838E+02    0.17842E+01
    0.26041E+02   -0.89032E+00    0.76015E+02    0.18809E+01
    0.86060E+01   -0.32888E+00    0.16465E+03    0.22166E+01
    0.20894E+02   -0.32890E+00    0.18877E+03    0.22759E+01
    0.11501E+02   -0.90364E+00    0.53497E+02    0.17283E+01
    0.54183E+01   -0.28209E+00    0.15285E+03    0.21843E+01
    0.24081E+02   -0.28320E+00    0.20217E+03    0.23057E+01
    0.13006E+02   -0.10587E+01    0.49340E+02    0.16932E+01
    0.24525E+02   -0.19086E+00    0.23278E+03    0.23670E+01
    0.49750E+01   -0.19086E+00    0.17472E+03    0.22424E+01
    0.16416E+02   -0.86531E+00    0.59393E+02    0.17737E+01
    0.24908E+02   -0.86338E+00    0.73155E+02    0.18642E+01
    0.45923E+01   -0.86335E+00    0.62679E+02    0.17971E+01
    0.40123E+01   -0.75576E+00    0.74817E+02    0.18740E+01
    0.25488E+02   -0.75582E+00    0.86669E+02    0.19379E+01
    0.10960E+02   -0.75425E+00    0.67932E+02    0.18321E+01
    0.70949E+01   -0.32175E+00    0.16523E+03    0.22181E+01
    0.24261E+02   -0.98649E+00    0.62140E+02    0.17934E+01
    0.52391E+01   -0.98650E+00    0.53015E+02    0.17244E+01
    0.19113E+02   -0.86085E+00    0.64702E+02    0.18109E+01
    0.22408E+02   -0.32298E+00    0.17696E+03    0.22479E+01
    0.10375E+02   -0.86380E+00    0.59649E+02    0.17756E+01
    0.19765E+02   -0.99107E+00    0.55616E+02    0.17452E+01
    0.97347E+01   -0.99107E+00    0.52930E+02    0.17237E+01
    0.45811E+01   -0.40331E-01    0.19476E+03    0.22895E+01
    0.24919E+02   -0.40331E-01    0.23143E+03    0.23644E+01
    0.10473E+02   -0.18634E+00    0.20241E+03    0.23062E+01
    0.22009E+02   -0.73179E+00    0.83396E+02    0.19211E+01
    0.74912E+01   -0.73110E+00    0.76832E+02    0.18855E+01
    0.11760E+02   -0.11962E+01    0.40996E+02    0.16127E+01
    0.36313E+00   -0.87420E+00    0.83916E+02    0.19238E+01
    0.29136E+02   -0.87280E+00    0.11059E+03    0.20437E+01
    0.10573E+02   -0.36036E+00    0.14534E+03    0.21624E+01
    0.13567E+02   -0.71269E+00    0.77017E+02    0.18866E+01
    0.12311E+02   -0.39099E+00    0.14483E+03    0.21609E+01
    0.13800E+02   -0.34079E+00    0.16039E+03    0.22052E+01
    0.26221E+02   -0.88474E+00    0.77170E+02    0.18874E+01
    0.21778E+01   -0.20980E+00    0.16042E+03    0.22052E+01
    0.80882E+01   -0.46846E-01    0.21546E+03    0.23334E+01
    0.21412E+02   -0.46845E-01    0.24197E+03    0.23838E+01
    0.18844E+02   -0.10481E+01    0.51541E+02    0.17122E+01
    0.38053E+01   -0.10044E+01    0.58777E+02    0.17692E+01
    0.25695E+02   -0.10025E+01    0.65637E+02    0.18172E+01
    0.16655E+02   -0.11147E+01    0.45542E+02    0.16584E+01
    0.25091E+02   -0.33938E+00    0.17559E+03    0.22445E+01
    0.44089E+01   -0.33936E+00    0.14335E+03    0.21564E+01
    0.16557E+02   -0.18960E+01    0.30419E+02    0.14831E+01
    0.24764E+01   -0.95827E+00    0.56713E+02    0.17537E+01
    0.27024E+02   -0.96019E+00    0.71667E+02    0.18553E+01
    0.25532E+02   -0.11158E+01    0.57308E+02    0.17582E+01
    0.39683E+01   -0.11158E+01    0.52708E+02    0.17219E+01
    0.16581E+02   -0.36367E+00    0.14499E+03    0.21613E+01
    0.22809E+02   -0.92785E+00    0.64507E+02    0.18096E+01
    0.21226E+02   -0.95692E+00    0.60599E+02    0.17825E+01
    0.82739E+01   -0.95693E+00    0.58230E+02    0.17651E+01
    0.66905E+01   -0.92791E+00    0.58027E+02    0.17636E+01
    0.28689E+02   -0.20136E+00    0.16029E+03    0.22049E+01
    0.81122E+00   -0.20141E+00    0.13027E+03    0.21148E+01
    0.13209E+02   -0.10664E+01    0.49633E+02    0.16958E+01
    0.25413E+02   -0.41121E-01    0.21126E+03    0.23248E+01
    0.40870E+01   -0.41096E-01    0.17517E+03    0.22435E+01
    0.98168E+01   -0.14286E+01    0.37000E+02    0.15682E+01
    0.19683E+02   -0.14286E+01    0.38249E+02    0.15826E+01
    0.51549E+01   -0.14278E+01    0.38938E+02    0.15904E+01
    0.24345E+02   -0.14278E+01    0.41056E+02    0.16134E+01
    0.24852E+02   -0.38580E+00    0.16181E+03    0.22090E+01
    0.46480E+01   -0.38580E+00    0.12750E+03    0.21055E+01
    0.68973E+01   -0.32740E+00    0.16494E+03    0.22173E+01
    0.22603E+02   -0.32744E+00    0.18697E+03    0.22718E+01
    0.35974E+01   -0.10417E+01    0.56483E+02    0.17519E+01
    0.43348E+01   -0.93370E-01    0.17597E+03    0.22454E+01
    0.16832E+02   -0.99610E-01    0.20931E+03    0.23208E+01
    0.16667E+02   -0.95553E-01    0.21280E+03    0.23280E+01
    0.17166E+02   -0.10181E+00    0.20681E+03    0.23156E+01
    0.12666E+02   -0.10565E+00    0.19318E+03    0.22860E+01
    0.12837E+02   -0.10445E+00    0.19687E+03    0.22942E+01
    0.16499E+02   -0.98069E-01    0.20465E+03    0.23110E+01
    0.16998E+02   -0.10423E+00    0.21154E+03    0.23254E+01
    0.16328E+02   -0.99308E-01    0.17968E+03    0.22545E+01
    0.12333E+02   -0.96225E-01    0.21652E+03    0.23355E+01
    0.73358E+01   -0.10461E+00    0.21431E+03    0.23311E+01
    0.12496E+02   -0.99251E-01    0.21654E+03    0.23355E+01
    0.13167E+02   -0.96778E-01    0.19865E+03    0.22981E+01
    0.36644E+01   -0.10609E+00    0.17705E+03    0.22481E+01
    0.13333E+02   -0.96442E-01    0.19524E+03    0.22906E+01
    0.25836E+02   -0.10608E+00    0.21741E+03    0.23373E+01
    0.21821E+02   -0.11101E+00    0.22336E+03    0.23490E+01
    0.25165E+02   -0.93382E-01    0.21861E+03    0.23397E+01
    0.31663E+01   -0.96883E-01    0.15181E+03    0.21813E+01
    0.26334E+02   -0.96641E-01    0.22620E+03    0.23545E+01
    0.13000E+02   -0.98049E-01    0.21130E+03    0.23249E+01
    0.22165E+02   -0.10450E+00    0.21542E+03    0.23333E+01
    0.76795E+01   -0.11191E+00    0.18938E+03    0.22773E+01
    0.13667E+02   -0.96342E-01    0.22955E+03    0.23609E+01
    0.75052E+01   -0.11027E+00    0.21094E+03    0.23242E+01
    0.21996E+02   -0.10925E+00    0.21980E+03    0.23420E+01
    0.12171E+02   -0.10190E+00    0.20428E+03    0.23102E+01
    0.28298E+01   -0.89565E-01    0.17452E+03    0.22418E+01
    0.26670E+02   -0.89439E-01    0.22547E+03    0.23531E+01
    0.13500E+02   -0.95889E-01    0.22003E+03    0.23425E+01
    0.17333E+02   -0.99774E-01    0.21978E+03    0.23420E+01
    0.82975E+00   -0.98865E-01    0.13134E+03    0.21184E+01
    0.28670E+02   -0.98817E-01    0.15814E+03    0.21990E+01
    0.15836E+02   -0.10085E+00    0.20133E+03    0.23039E+01
    0.29956E+01   -0.97450E-01    0.16676E+03    0.22221E+01
    0.26505E+02   -0.97082E-01    0.23048E+03    0.23626E+01
    0.12004E+02   -0.10190E+00    0.20819E+03    0.23185E+01
    0.66668E+01   -0.95248E-01    0.19363E+03    0.22870E+01
    0.83318E+01   -0.89187E-01    0.20786E+03    0.23178E+01
    0.22833E+02   -0.95231E-01    0.24389E+03    0.23872E+01
    0.11833E+02   -0.96225E-01    0.19798E+03    0.22966E+01
    0.11654E+01   -0.10744E+00    0.16256E+03    0.22110E+01
    0.28335E+02   -0.10669E+00    0.18625E+03    0.22701E+01
    0.99405E+00   -0.10468E+00    0.15880E+03    0.22008E+01
    0.28506E+02   -0.10419E+00    0.18300E+03    0.22624E+01
    0.63333E+01   -0.97487E-01    0.18898E+03    0.22764E+01
    0.65000E+01   -0.97603E-01    0.19966E+03    0.23003E+01
    0.21168E+02   -0.89186E-01    0.23804E+03    0.23766E+01
    0.66724E+00   -0.88634E-01    0.11781E+03    0.20712E+01
    0.28833E+02   -0.88219E-01    0.15112E+03    0.21793E+01
    0.11587E+01   -0.21315E+00    0.15074E+03    0.21782E+01
    0.15669E+02   -0.10386E+00    0.19443E+03    0.22888E+01
    0.11667E+02   -0.97869E-01    0.19591E+03    0.22921E+01
    0.61645E+01   -0.88999E-01    0.18397E+03    0.22647E+01
    0.17500E+02   -0.10010E+00    0.22698E+03    0.23560E+01
    0.18412E+02   -0.52066E-01    0.22699E+03    0.23560E+01
    0.84976E+01   -0.96642E-01    0.21253E+03    0.23274E+01
    0.23000E+02   -0.97597E-01    0.24208E+03    0.23840E+01
    0.32084E+00   -0.11506E+00    0.11108E+03    0.20456E+01
    0.29167E+02   -0.97632E-01    0.16828E+03    0.22260E+01
    0.21002E+02   -0.96641E-01    0.25135E+03    0.24003E+01
    0.15502E+02   -0.10775E+00    0.19987E+03    0.23007E+01
    0.11499E+02   -0.10001E+00    0.20272E+03    0.23069E+01
    0.59940E+01   -0.99902E-01    0.19123E+03    0.22815E+01
    0.17667E+02   -0.98188E-01    0.20735E+03    0.23167E+01
    0.51629E+01   -0.10771E+00    0.17465E+03    0.22422E+01
    0.23167E+02   -0.97489E-01    0.21812E+03    0.23387E+01
    0.86663E+01   -0.95983E-01    0.20241E+03    0.23062E+01
    0.50155E+00   -0.90699E-01    0.11662E+03    0.20668E+01
    0.29000E+02   -0.88219E-01    0.16365E+03    0.22139E+01
    0.55026E+01   -0.10878E+00    0.18638E+03    0.22704E+01
    0.53338E+01   -0.10830E+00    0.17287E+03    0.22377E+01
    0.90014E+01   -0.10506E+00    0.20975E+03    0.23217E+01
    0.88342E+01   -0.10216E+00    0.19999E+03    0.23010E+01
    0.23336E+02   -0.88997E-01    0.22098E+03    0.23443E+01
    0.23997E+02   -0.10872E+00    0.24019E+03    0.23806E+01
    0.17837E+02   -0.97480E-01    0.21072E+03    0.23237E+01
    0.23506E+02   -0.99896E-01    0.23781E+03    0.23762E+01
    0.18002E+02   -0.90465E-01    0.23199E+03    0.23655E+01
    0.24337E+02   -0.10772E+00    0.22831E+03    0.23585E+01
    0.20498E+02   -0.10764E+00    0.22583E+03    0.23538E+01
    0.20834E+02   -0.95982E-01    0.23481E+03    0.23707E+01
    0.58265E+01   -0.10077E+00    0.18890E+03    0.22762E+01
    0.23834E+02   -0.95485E-01    0.23420E+03    0.23696E+01
    0.15332E+02   -0.11126E+00    0.19434E+03    0.22886E+01
    0.14334E+02   -0.95967E-01    0.19893E+03    0.22987E+01
    0.11320E+02   -0.10482E+00    0.19615E+03    0.22926E+01
    0.20332E+02   -0.10011E+00    0.21022E+03    0.23227E+01
    0.14500E+02   -0.96941E-01    0.20754E+03    0.23171E+01
    0.21752E+01   -0.96603E-01    0.17736E+03    0.22489E+01
    0.27325E+02   -0.95320E-01    0.20499E+03    0.23117E+01
    0.56658E+01   -0.96481E-01    0.18811E+03    0.22744E+01
    0.91672E+01   -0.98315E-01    0.20415E+03    0.23100E+01
    0.23673E+02   -0.10077E+00    0.23433E+03    0.23698E+01
    0.18166E+02   -0.89210E-01    0.22699E+03    0.23560E+01
    0.19966E+01   -0.98743E-01    0.17455E+03    0.22419E+01
    0.27503E+02   -0.97937E-01    0.21913E+03    0.23407E+01
    0.24166E+02   -0.10924E+00    0.22661E+03    0.23553E+01
    0.94979E+01   -0.99667E-01    0.19883E+03    0.22985E+01
    0.20666E+02   -0.10294E+00    0.22426E+03    0.23507E+01
    0.14667E+02   -0.96941E-01    0.19654E+03    0.22935E+01
    0.20002E+02   -0.99668E-01    0.22390E+03    0.23501E+01
    0.93312E+01   -0.98854E-01    0.20090E+03    0.23030E+01
    0.19001E+02   -0.10083E+00    0.22712E+03    0.23563E+01
    0.18168E+01   -0.94324E-01    0.15809E+03    0.21989E+01
    0.27683E+02   -0.94208E-01    0.20577E+03    0.23134E+01
    0.19837E+02   -0.10319E+00    0.22412E+03    0.23505E+01
    0.18834E+02   -0.10401E+00    0.21253E+03    0.23274E+01
    0.96634E+01   -0.10319E+00    0.18337E+03    0.22633E+01
    0.98289E+01   -0.10959E+00    0.18701E+03    0.22719E+01
    0.19666E+02   -0.10997E+00    0.22669E+03    0.23554E+01
    0.20169E+02   -0.98854E-01    0.20656E+03    0.23151E+01
    0.19172E+02   -0.98384E-01    0.21961E+03    0.23416E+01
    0.10664E+02   -0.92917E-01    0.20091E+03    0.23030E+01
    0.16162E+02   -0.89666E-01    0.18504E+03    0.22673E+01
    0.16002E+02   -0.89695E-01    0.20458E+03    0.23109E+01
    0.26700E+01   -0.88571E-01    0.17329E+03    0.22388E+01
    0.26830E+02   -0.88402E-01    0.22568E+03    0.23535E+01
    0.18519E+02   -0.11023E+01    0.48659E+02    0.16872E+01
    0.26167E+02   -0.87803E-01    0.22501E+03    0.23522E+01
    0.26004E+02   -0.90261E-01    0.22757E+03    0.23571E+01
    0.33334E+01   -0.87824E-01    0.15896E+03    0.22013E+01
    0.34963E+01   -0.90297E-01    0.17614E+03    0.22459E+01
    0.70828E+01   -0.43024E-01    0.21639E+03    0.23352E+01
    0.22417E+02   -0.43022E-01    0.22592E+03    0.23540E+01
    0.96573E+01   -0.21073E+00    0.17159E+03    0.22345E+01
    0.19843E+02   -0.21080E+00    0.20174E+03    0.23048E+01
    0.48327E+01   -0.98096E-01    0.18474E+03    0.22666E+01
    0.24667E+02   -0.98094E-01    0.24118E+03    0.23823E+01
    0.49965E+01   -0.94747E-01    0.18623E+03    0.22701E+01
    0.24504E+02   -0.94748E-01    0.24678E+03    0.23923E+01
    0.25563E+02   -0.13391E+01    0.47547E+02    0.16771E+01
    0.39373E+01   -0.13390E+01    0.45383E+02    0.16569E+01
    0.18665E+02   -0.10640E+00    0.21125E+03    0.23248E+01
    0.14120E+02   -0.32992E+00    0.16491E+03    0.22172E+01
    0.13918E+02   -0.32222E+00    0.16567E+03    0.22192E+01
    0.16906E+02   -0.25915E+00    0.17698E+03    0.22479E+01
    0.19496E+02   -0.10097E+00    0.23175E+03    0.23650E+01
    0.10000E+02   -0.10289E+00    0.20187E+03    0.23051E+01
    0.19338E+02   -0.94274E-01    0.22087E+03    0.23441E+01
    0.10170E+02   -0.97031E-01    0.19920E+03    0.22993E+01
    0.10497E+02   -0.87122E-01    0.21408E+03    0.23306E+01
    0.10336E+02   -0.87813E-01    0.20529E+03    0.23124E+01
    0.24213E+01   -0.38290E-01    0.17714E+03    0.22483E+01
    0.27079E+02   -0.37936E-01    0.19908E+03    0.22990E+01
    0.17078E+02   -0.26657E+00    0.17277E+03    0.22375E+01
    0.25903E+02   -0.10391E+01    0.63259E+02    0.18011E+01
    0.44361E+01   -0.23428E+00    0.16604E+03    0.22202E+01
    0.15160E+02   -0.10712E+00    0.19925E+03    0.22994E+01
    0.13835E+02   -0.93047E-01    0.22557E+03    0.23533E+01
    0.28843E+01   -0.33349E+00    0.12776E+03    0.21064E+01
    0.25064E+02   -0.23429E+00    0.20286E+03    0.23072E+01
    0.13481E+02   -0.87195E+00    0.62466E+02    0.17956E+01
    0.28617E+02   -0.26492E+00    0.16461E+03    0.22165E+01
    0.88294E+00   -0.26537E+00    0.13479E+03    0.21297E+01
    0.69166E+01   -0.44340E-01    0.20468E+03    0.23111E+01
    0.12412E+02   -0.94373E+00    0.52645E+02    0.17214E+01
    0.22583E+02   -0.44342E-01    0.22891E+03    0.23597E+01
    0.46634E+01   -0.97149E-01    0.18834E+03    0.22749E+01
    0.45001E+01   -0.87667E-01    0.19039E+03    0.22796E+01
    0.18298E+02   -0.14093E+01    0.37348E+02    0.15723E+01
    0.25000E+02   -0.87668E-01    0.23106E+03    0.23637E+01
    0.24837E+02   -0.97146E-01    0.22988E+03    0.23615E+01
    0.18793E+02   -0.39010E+00    0.15219E+03    0.21824E+01
    0.67894E+01   -0.33391E+00    0.16117E+03    0.22073E+01
    0.22711E+02   -0.33387E+00    0.18890E+03    0.22762E+01
    0.81721E+01   -0.87261E-01    0.20903E+03    0.23202E+01
    0.21328E+02   -0.87260E-01    0.23631E+03    0.23735E+01
    0.93962E+01   -0.26458E+00    0.17517E+03    0.22435E+01
    0.20104E+02   -0.26463E+00    0.18892E+03    0.22763E+01
    0.11170E+02   -0.99625E+00    0.49539E+02    0.16949E+01
    0.16499E+02   -0.20339E+00    0.18759E+03    0.22732E+01
    0.17334E+02   -0.20528E+00    0.19954E+03    0.23000E+01
    0.13169E+02   -0.20068E+00    0.19083E+03    0.22806E+01
    0.73326E+01   -0.21217E+00    0.19384E+03    0.22874E+01
    0.17304E+02   -0.94809E+00    0.53230E+02    0.17262E+01
    0.13666E+02   -0.20503E+00    0.20806E+03    0.23182E+01
    0.28341E+02   -0.21201E+00    0.17602E+03    0.22456E+01
    0.63316E+01   -0.21065E+00    0.17755E+03    0.22493E+01
    0.17668E+02   -0.19981E+00    0.19875E+03    0.22983E+01
    0.11499E+02   -0.20537E+00    0.18222E+03    0.22606E+01
    0.23168E+02   -0.21066E+00    0.21081E+03    0.23239E+01
    0.27325E+02   -0.20070E+00    0.19732E+03    0.22952E+01
    0.19001E+02   -0.20622E+00    0.20858E+03    0.23193E+01
    0.83901E+01   -0.34699E+00    0.15565E+03    0.21921E+01
    0.21110E+02   -0.34698E+00    0.18039E+03    0.22562E+01
    0.25331E+02   -0.87167E-01    0.20992E+03    0.23221E+01
    0.41694E+01   -0.87130E-01    0.17224E+03    0.22361E+01
    0.27461E+02   -0.33740E+00    0.17117E+03    0.22334E+01
    0.29167E+02   -0.20299E+00    0.16105E+03    0.22070E+01
    0.32887E+00   -0.22458E+00    0.10796E+03    0.20333E+01
    0.16674E+02   -0.39585E+00    0.13572E+03    0.21327E+01
    0.14825E+02   -0.18811E+00    0.18429E+03    0.22655E+01
    0.31632E+01   -0.21308E+00    0.14666E+03    0.21663E+01
    0.26337E+02   -0.21255E+00    0.20940E+03    0.23210E+01
    0.18328E+02   -0.10018E+00    0.21823E+03    0.23389E+01
    0.71661E+01   -0.91136E-01    0.21109E+03    0.23245E+01
    0.22334E+02   -0.91135E-01    0.21687E+03    0.23362E+01
    0.14882E+02   -0.33270E+00    0.16074E+03    0.22061E+01
    0.29333E+02   -0.97632E-01    0.15830E+03    0.21995E+01
    0.43017E+01   -0.78499E+00    0.69418E+02    0.18415E+01
    0.25198E+02   -0.78503E+00    0.80425E+02    0.19054E+01
    0.16104E+02   -0.90726E+00    0.57073E+02    0.17564E+01
    0.24601E+02   -0.93337E+00    0.66483E+02    0.18227E+01
    0.48993E+01   -0.93336E+00    0.56599E+02    0.17528E+01
    0.16155E+02   -0.12978E+01    0.40270E+02    0.16050E+01
    0.15787E+02   -0.95077E+00    0.55210E+02    0.17420E+01
    0.10104E+01   -0.95613E+00    0.72707E+02    0.18616E+01
    0.28488E+02   -0.95449E+00    0.93360E+02    0.19702E+01
    0.23919E+02   -0.10374E+01    0.58284E+02    0.17656E+01
    0.55806E+01   -0.10374E+01    0.50504E+02    0.17033E+01
    0.10673E+02   -0.78921E+00    0.64239E+02    0.18078E+01
    0.15975E+02   -0.12224E+01    0.43665E+02    0.16401E+01
    0.19430E+02   -0.93712E+00    0.59069E+02    0.17714E+01
    0.10072E+02   -0.93494E+00    0.55427E+02    0.17437E+01
    0.11963E+02   -0.12279E+01    0.40092E+02    0.16031E+01
    0.20108E+02   -0.10400E+01    0.53227E+02    0.17261E+01
    0.93923E+01   -0.10400E+01    0.51377E+02    0.17108E+01
    0.14362E+00   -0.10965E+00    0.10555E+03    0.20235E+01
    0.23453E+01   -0.85570E-01    0.17430E+03    0.22413E+01
    0.27155E+02   -0.84624E-01    0.19770E+03    0.22960E+01
    0.26614E+02   -0.33650E+00    0.17516E+03    0.22434E+01
    0.68333E+01   -0.91359E-01    0.19682E+03    0.22941E+01
    0.22667E+02   -0.91353E-01    0.23090E+03    0.23634E+01
    0.11356E+02   -0.10569E+01    0.45944E+02    0.16622E+01
    0.25074E+01   -0.85975E-01    0.17572E+03    0.22448E+01
    0.26993E+02   -0.85452E-01    0.21278E+03    0.23279E+01
    0.28794E+02   -0.38266E+00    0.14964E+03    0.21751E+01
    0.70626E+00   -0.38277E+00    0.11520E+03    0.20615E+01
    0.79248E+01   -0.39409E-01    0.20007E+03    0.23012E+01
    0.21575E+02   -0.39408E-01    0.26293E+03    0.24198E+01
    0.85217E+00   -0.12301E+01    0.67925E+02    0.18320E+01
    0.28648E+02   -0.12299E+01    0.85823E+02    0.19336E+01
    0.18907E+02   -0.37217E+00    0.16121E+03    0.22074E+01
    0.15597E+02   -0.27670E+00    0.16595E+03    0.22200E+01
    0.15333E+02   -0.22254E+00    0.17603E+03    0.22456E+01
    0.10919E+02   -0.41138E-01    0.19979E+03    0.23006E+01
    0.78516E+01   -0.97554E-01    0.19378E+03    0.22873E+01
    0.21648E+02   -0.97549E-01    0.24919E+03    0.23965E+01
    0.13367E+01   -0.96703E-01    0.15722E+03    0.21965E+01
    0.28163E+02   -0.96333E-01    0.18086E+03    0.22573E+01
    0.10837E+02   -0.86098E-01    0.19527E+03    0.22906E+01
    0.14168E+02   -0.91571E-01    0.19741E+03    0.22954E+01
    0.14831E+02   -0.92691E-01    0.19306E+03    0.22857E+01
    0.14085E+02   -0.43716E-01    0.20373E+03    0.23090E+01
    0.68890E+00   -0.90920E+00    0.78371E+02    0.18942E+01
    0.28811E+02   -0.90885E+00    0.10187E+03    0.20080E+01
    0.14190E+01   -0.43187E-01    0.16014E+03    0.22045E+01
    0.28081E+02   -0.43132E-01    0.18451E+03    0.22660E+01
    0.25367E+02   -0.10234E+01    0.62866E+02    0.17984E+01
    0.41329E+01   -0.10234E+01    0.56684E+02    0.17535E+01
    0.27847E+02   -0.79745E-01    0.19623E+03    0.22928E+01
    0.16526E+01   -0.79753E-01    0.15889E+03    0.22011E+01
    0.72741E+01   -0.95224E+00    0.56614E+02    0.17529E+01
    0.22226E+02   -0.95241E+00    0.60674E+02    0.17830E+01
    0.64062E+01   -0.43752E+00    0.12201E+03    0.20864E+01
    0.18493E+02   -0.10510E+00    0.22321E+03    0.23487E+01
    0.11153E+02   -0.89972E-01    0.20372E+03    0.23090E+01
    0.23094E+02   -0.43752E+00    0.14864E+03    0.21721E+01
    0.14914E+02   -0.44579E-01    0.19881E+03    0.22984E+01
    0.69631E+00   -0.13349E+01    0.68922E+02    0.18384E+01
    0.28804E+02   -0.13348E+01    0.86384E+02    0.19364E+01
    0.16843E+02   -0.11558E+01    0.43595E+02    0.16394E+01
    0.27919E+02   -0.34842E-01    0.19592E+03    0.22921E+01
    0.15812E+01   -0.34850E-01    0.16279E+03    0.22116E+01
    0.25955E+02   -0.25312E+00    0.19359E+03    0.22869E+01
    0.18396E+02   -0.97756E+00    0.55678E+02    0.17457E+01
    0.18092E+02   -0.11197E+01    0.46818E+02    0.16704E+01
    0.35447E+01   -0.25329E+00    0.15481E+03    0.21898E+01
    0.14172E+02   -0.18359E+00    0.19038E+03    0.22796E+01
    0.10324E+02   -0.38349E+00    0.13948E+03    0.21445E+01
    0.13019E+02   -0.14817E+01    0.37072E+02    0.15691E+01
    0.16920E+01   -0.10970E+01    0.58241E+02    0.17652E+01
    0.27807E+02   -0.10956E+01    0.73516E+02    0.18664E+01
    0.15094E+02   -0.10946E+01    0.48561E+02    0.16863E+01
    0.12601E+02   -0.99224E+00    0.50588E+02    0.17041E+01
    0.11082E+02   -0.35408E-01    0.21174E+03    0.23258E+01
    0.18941E+02   -0.90112E+00    0.60913E+02    0.17847E+01
    0.22257E+02   -0.24687E+00    0.19058E+03    0.22801E+01
    0.14333E+02   -0.19677E+00    0.18992E+03    0.22786E+01
    0.14993E+02   -0.95789E-01    0.20446E+03    0.23106E+01
    0.31922E+01   -0.74469E+00    0.73607E+02    0.18669E+01
    0.26308E+02   -0.74247E+00    0.91556E+02    0.19617E+01
    0.14003E+02   -0.88534E-01    0.21680E+03    0.23361E+01
    0.20411E+01   -0.35769E+00    0.12478E+03    0.20961E+01
    0.19464E+02   -0.20405E+00    0.21525E+03    0.23329E+01
    0.10004E+02   -0.20420E+00    0.18537E+03    0.22680E+01
    0.25441E+02   -0.30376E+00    0.17281E+03    0.22376E+01
    0.40594E+01   -0.30370E+00    0.14352E+03    0.21569E+01
    0.25078E+02   -0.90720E+00    0.69694E+02    0.18432E+01
    0.44220E+01   -0.90716E+00    0.60983E+02    0.17852E+01
    0.17496E+02   -0.10080E+01    0.50308E+02    0.17016E+01
    0.24460E+02   -0.10696E+01    0.56321E+02    0.17507E+01
    0.50404E+01   -0.10696E+01    0.49374E+02    0.16935E+01
    0.10549E+02   -0.90874E+00    0.55952E+02    0.17478E+01
    0.96058E+01   -0.13236E+01    0.39733E+02    0.15991E+01
    0.19894E+02   -0.13235E+01    0.40947E+02    0.16122E+01
    0.19569E+02   -0.10720E+01    0.50633E+02    0.17044E+01
    0.99311E+01   -0.10717E+01    0.48058E+02    0.16818E+01
    0.24167E+02   -0.21750E+00    0.21226E+03    0.23269E+01
    0.12096E+02   -0.10319E+01    0.46246E+02    0.16651E+01
    0.53324E+01   -0.21638E+00    0.16037E+03    0.22051E+01
    0.80130E+01   -0.86256E-01    0.20924E+03    0.23206E+01
    0.21487E+02   -0.86253E-01    0.25547E+03    0.24073E+01
    0.53656E+01   -0.13219E+01    0.40874E+02    0.16114E+01
    0.24134E+02   -0.13219E+01    0.44090E+02    0.16443E+01
    0.41401E+01   -0.85025E+00    0.65929E+02    0.18191E+01
    0.25360E+02   -0.85030E+00    0.75210E+02    0.18763E+01
    0.16281E+02   -0.97887E+00    0.52165E+02    0.17174E+01
    0.24788E+02   -0.10015E+01    0.61496E+02    0.17888E+01
    0.47125E+01   -0.10015E+01    0.53923E+02    0.17318E+01
    0.10837E+02   -0.85114E+00    0.59291E+02    0.17730E+01
    0.19235E+02   -0.99863E+00    0.54493E+02    0.17363E+01
    0.10254E+02   -0.10015E+01    0.51009E+02    0.17076E+01
    0.24110E+02   -0.11178E+01    0.53470E+02    0.17281E+01
    0.53905E+01   -0.11178E+01    0.47139E+02    0.16734E+01
    0.19917E+02   -0.11218E+01    0.48756E+02    0.16880E+01
    0.95827E+01   -0.11218E+01    0.46948E+02    0.16716E+01
    0.26028E+02   -0.19003E+00    0.21490E+03    0.23322E+01
    0.88281E+01   -0.20869E+00    0.18807E+03    0.22743E+01
    0.20672E+02   -0.20959E+00    0.21027E+03    0.23228E+01
    0.34725E+01   -0.19015E+00    0.16653E+03    0.22215E+01
    0.69993E+01   -0.87363E-01    0.21135E+03    0.23250E+01
    0.22501E+02   -0.87364E-01    0.22583E+03    0.23538E+01
    0.16979E+02   -0.10136E+01    0.48761E+02    0.16881E+01
    0.27414E+02   -0.40726E+00    0.14908E+03    0.21734E+01
    0.51126E+00   -0.98396E+00    0.78303E+02    0.18938E+01
    0.28989E+02   -0.98356E+00    0.10152E+03    0.20065E+01
    0.14138E+02   -0.81282E+00    0.65322E+02    0.18151E+01
    0.11488E+02   -0.44887E+00    0.12132E+03    0.20839E+01
    0.68351E+01   -0.17764E+00    0.18915E+03    0.22768E+01
    0.12316E+02   -0.13072E+01    0.38443E+02    0.15848E+01
    0.22665E+02   -0.17764E+00    0.21968E+03    0.23418E+01
    0.13393E+01   -0.10244E+01    0.65636E+02    0.18171E+01
    0.28159E+02   -0.10218E+01    0.83691E+02    0.19227E+01
    0.15449E+02   -0.10233E+01    0.52006E+02    0.17161E+01
    0.16385E+02   -0.36884E+00    0.14744E+03    0.21686E+01
    0.29301E+02   -0.35152E+00    0.14757E+03    0.21690E+01
    0.36533E+01   -0.20894E+00    0.16208E+03    0.22097E+01
    0.45151E+01   -0.18517E+00    0.18087E+03    0.22574E+01
    0.25847E+02   -0.20885E+00    0.19931E+03    0.22995E+01
    0.24985E+02   -0.18517E+00    0.22052E+03    0.23434E+01
    0.12663E+02   -0.20604E+00    0.18240E+03    0.22610E+01
    0.14577E+02   -0.25762E+00    0.17897E+03    0.22528E+01
    0.17891E+02   -0.10825E+01    0.47928E+02    0.16806E+01
    0.11598E+02   -0.13516E+01    0.36499E+02    0.15623E+01
    0.17161E+02   -0.12926E+01    0.39937E+02    0.16014E+01
    0.18116E+02   -0.13080E+01    0.40008E+02    0.16021E+01
    0.15965E+02   -0.10101E+01    0.50987E+02    0.17075E+01
    0.72425E+01   -0.24333E+00    0.18495E+03    0.22670E+01
    0.66687E+01   -0.19420E+00    0.18549E+03    0.22683E+01
    0.22831E+02   -0.19417E+00    0.22814E+03    0.23582E+01
    0.83445E+00   -0.10189E+01    0.72522E+02    0.18605E+01
    0.28665E+02   -0.10184E+01    0.93091E+02    0.19689E+01
    0.15002E+01   -0.78037E-01    0.16236E+03    0.22105E+01
    0.28000E+02   -0.77974E-01    0.19077E+03    0.22805E+01
    0.12287E+02   -0.10880E+01    0.44732E+02    0.16506E+01
    0.10919E+02   -0.30119E+00    0.16354E+03    0.22136E+01
    0.17570E+02   -0.35801E+00    0.16506E+03    0.22176E+01
    0.11001E+02   -0.76546E-01    0.20739E+03    0.23168E+01
    0.11389E+02   -0.12575E+01    0.38596E+02    0.15865E+01
    0.27590E+02   -0.34252E+00    0.16891E+03    0.22276E+01
    0.19101E+01   -0.35518E+00    0.12508E+03    0.20972E+01
    0.20160E+02   -0.35673E+00    0.16182E+03    0.22090E+01
    0.93399E+01   -0.35669E+00    0.15087E+03    0.21786E+01
    0.14895E+02   -0.22990E+00    0.18004E+03    0.22554E+01
    0.16512E+02   -0.12312E+01    0.41380E+02    0.16168E+01
    0.20070E+02   -0.14519E+01    0.38038E+02    0.15802E+01
    0.94299E+01   -0.14519E+01    0.37266E+02    0.15713E+01
    0.17164E+02   -0.10750E+01    0.46236E+02    0.16650E+01
    0.23959E+02   -0.14509E+01    0.40402E+02    0.16064E+01
    0.55408E+01   -0.14509E+01    0.38289E+02    0.15831E+01
    0.20352E+02   -0.36255E+00    0.16485E+03    0.22171E+01
    0.91475E+01   -0.36221E+00    0.15514E+03    0.21907E+01
    0.88902E+01   -0.40288E+00    0.14508E+03    0.21616E+01
    0.20610E+02   -0.40301E+00    0.15810E+03    0.21989E+01
    0.13929E+02   -0.22227E+00    0.19236E+03    0.22841E+01
    0.25429E+02   -0.19752E+00    0.19830E+03    0.22973E+01
    0.20814E+01   -0.25704E+00    0.14904E+03    0.21733E+01
    0.76827E+01   -0.20881E+00    0.17869E+03    0.22521E+01
    0.21818E+02   -0.20777E+00    0.20593E+03    0.23137E+01
    0.40714E+01   -0.19745E+00    0.16457E+03    0.22163E+01
    0.14742E+02   -0.25917E+00    0.17538E+03    0.22440E+01
    0.73321E+01   -0.79451E+00    0.68648E+02    0.18366E+01
    0.22168E+02   -0.79537E+00    0.74606E+02    0.18728E+01
    0.15638E+02   -0.10704E+01    0.48920E+02    0.16895E+01
    0.11577E+01   -0.10753E+01    0.66810E+02    0.18248E+01
    0.28341E+02   -0.10739E+01    0.84973E+02    0.19293E+01
    0.10670E+02   -0.18997E+00    0.18977E+03    0.22782E+01
    0.13754E+02   -0.24425E+00    0.19194E+03    0.22832E+01
    0.23574E+02   -0.10832E+01    0.54110E+02    0.17333E+01
    0.59256E+01   -0.10832E+01    0.48057E+02    0.16818E+01
    0.10764E+02   -0.22274E+00    0.17996E+03    0.22552E+01
    0.90448E+01   -0.10827E+01    0.49612E+02    0.16956E+01
    0.20455E+02   -0.10827E+01    0.50735E+02    0.17053E+01
    0.84976E+01   -0.19392E+00    0.19821E+03    0.22971E+01
    0.21002E+02   -0.19392E+00    0.23384E+03    0.23689E+01
    0.16325E+02   -0.19553E+00    0.17509E+03    0.22433E+01
    0.17166E+02   -0.19876E+00    0.18788E+03    0.22739E+01
    0.11669E+02   -0.20133E+00    0.17986E+03    0.22549E+01
    0.17503E+02   -0.19403E+00    0.20707E+03    0.23161E+01
    0.16321E+02   -0.11572E+01    0.43807E+02    0.16415E+01
    0.11319E+02   -0.20838E+00    0.17570E+03    0.22448E+01
    0.18834E+02   -0.20202E+00    0.19725E+03    0.22950E+01
    0.19178E+02   -0.19391E+00    0.20594E+03    0.23137E+01
    0.15295E+02   -0.11503E+01    0.45376E+02    0.16568E+01
    0.14925E+01   -0.11519E+01    0.59275E+02    0.17729E+01
    0.28007E+02   -0.11505E+01    0.74360E+02    0.18713E+01
    0.16468E+02   -0.43851E+00    0.12572E+03    0.20994E+01
    0.11019E+02   -0.11128E+01    0.44695E+02    0.16503E+01
    0.43369E+01   -0.18281E+00    0.16916E+03    0.22283E+01
    0.25163E+02   -0.18283E+00    0.20770E+03    0.23174E+01
    0.14095E+02   -0.22587E+00    0.18753E+03    0.22731E+01
    0.50094E+00   -0.11985E+01    0.73621E+02    0.18670E+01
    0.28999E+02   -0.11981E+01    0.93432E+02    0.19705E+01
    0.10857E+02   -0.10251E+01    0.49524E+02    0.16948E+01
    0.26422E+02   -0.25824E+00    0.19864E+03    0.22981E+01
    0.16413E+02   -0.25150E+00    0.17163E+03    0.22346E+01
    0.17251E+02   -0.25221E+00    0.17913E+03    0.22532E+01
    0.17420E+02   -0.24947E+00    0.19083E+03    0.22806E+01
    0.17587E+02   -0.24563E+00    0.19245E+03    0.22843E+01
    0.11586E+02   -0.25858E+00    0.16756E+03    0.22242E+01
    0.18517E+02   -0.81869E+00    0.66184E+02    0.18208E+01
    0.11414E+02   -0.25918E+00    0.16656E+03    0.22216E+01
    0.18917E+02   -0.25404E+00    0.19070E+03    0.22803E+01
    0.19089E+02   -0.25111E+00    0.19591E+03    0.22920E+01
    0.57336E+01   -0.11544E+01    0.45484E+02    0.16579E+01
    0.23766E+02   -0.11544E+01    0.50809E+02    0.17059E+01
    0.92373E+01   -0.11544E+01    0.46127E+02    0.16640E+01
    0.20263E+02   -0.11544E+01    0.47253E+02    0.16744E+01
    0.16828E+02   -0.18904E+00    0.19004E+03    0.22788E+01
    0.11588E+02   -0.37284E+00    0.13727E+03    0.21376E+01
    0.11832E+02   -0.19200E+00    0.18119E+03    0.22581E+01
    0.64160E+01   -0.25663E+00    0.17262E+03    0.22371E+01
    0.23084E+02   -0.25662E+00    0.20858E+03    0.23193E+01
    0.14529E+02   -0.36119E+00    0.15171E+03    0.21810E+01
    0.13259E+02   -0.23944E+00    0.18475E+03    0.22666E+01
    0.30765E+01   -0.25853E+00    0.14302E+03    0.21554E+01
    0.15675E+02   -0.20900E+00    0.17769E+03    0.22497E+01
    0.13093E+02   -0.24996E+00    0.18244E+03    0.22611E+01
    0.13577E+02   -0.24335E+00    0.19323E+03    0.22861E+01
    0.16583E+02   -0.24589E+00    0.17582E+03    0.22451E+01
    0.72041E+01   -0.33688E+00    0.16018E+03    0.22046E+01
    0.17751E+02   -0.24171E+00    0.19063E+03    0.22802E+01
    0.11685E+02   -0.42512E+00    0.12529E+03    0.20979E+01
    0.27415E+02   -0.24562E+00    0.19387E+03    0.22875E+01
    0.13840E+02   -0.18037E+00    0.20545E+03    0.23127E+01
    0.20326E+02   -0.19263E+00    0.19934E+03    0.22996E+01
    0.91733E+01   -0.19048E+00    0.19070E+03    0.22803E+01
    0.25332E+02   -0.17731E+00    0.20267E+03    0.23068E+01
    0.41680E+01   -0.17724E+00    0.16717E+03    0.22232E+01
    0.10844E+02   -0.16682E+00    0.18799E+03    0.22741E+01
    0.17907E+02   -0.14208E+01    0.37876E+02    0.15784E+01
    0.29922E+01   -0.19101E+00    0.15506E+03    0.21905E+01
    0.65011E+01   -0.19169E+00    0.18605E+03    0.22696E+01
    0.87706E+01   -0.41953E+00    0.14061E+03    0.21480E+01
    0.22999E+02   -0.19167E+00    0.22597E+03    0.23541E+01
    0.20729E+02   -0.41966E+00    0.15520E+03    0.21909E+01
    0.24928E+01   -0.18246E+00    0.16524E+03    0.22181E+01
    0.27010E+02   -0.18093E+00    0.20498E+03    0.23117E+01
    0.71618E+01   -0.17880E+00    0.19694E+03    0.22943E+01
    0.22339E+02   -0.17937E+00    0.20322E+03    0.23080E+01
    0.42498E+01   -0.22559E+00    0.16150E+03    0.22082E+01
    0.25250E+02   -0.22563E+00    0.19654E+03    0.22935E+01
    0.29254E+02   -0.24597E+00    0.15450E+03    0.21889E+01
    0.18482E+02   -0.20513E+00    0.20007E+03    0.23012E+01
    0.16539E+02   -0.14420E+01    0.36799E+02    0.15658E+01
    0.26506E+02   -0.19089E+00    0.21346E+03    0.23293E+01
    0.22298E+02   -0.34098E+00    0.16931E+03    0.22287E+01
    0.13339E+02   -0.18332E+00    0.19155E+03    0.22823E+01
    0.69170E+01   -0.22306E+00    0.18608E+03    0.22697E+01
    0.14411E+02   -0.24207E+00    0.18214E+03    0.22604E+01
    0.22584E+02   -0.22314E+00    0.20837E+03    0.23188E+01
    0.27288E+02   -0.43139E+00    0.14512E+03    0.21617E+01
    0.86644E+01   -0.18455E+00    0.19188E+03    0.22830E+01
    0.20836E+02   -0.18457E+00    0.22169E+03    0.23457E+01
    0.14980E+02   -0.18569E+00    0.18952E+03    0.22776E+01
    0.14224E+02   -0.34060E+00    0.16241E+03    0.22106E+01
    0.13007E+02   -0.19599E+00    0.19435E+03    0.22886E+01
    0.14009E+02   -0.17866E+00    0.20205E+03    0.23055E+01
    0.14495E+02   -0.19010E+00    0.19281E+03    0.22851E+01
    0.87419E+01   -0.24321E+00    0.18205E+03    0.22602E+01
    0.13495E+02   -0.18244E+00    0.20440E+03    0.23105E+01
    0.20758E+02   -0.24336E+00    0.20670E+03    0.23153E+01
    0.67538E+01   -0.23226E+00    0.18007E+03    0.22554E+01
    0.22746E+02   -0.23224E+00    0.21394E+03    0.23303E+01
    0.16667E+02   -0.18801E+00    0.19174E+03    0.22827E+01
    0.20174E+02   -0.19049E+00    0.19684E+03    0.22941E+01
    0.93256E+01   -0.19044E+00    0.18750E+03    0.22730E+01
    0.80112E+01   -0.17831E+00    0.19912E+03    0.22991E+01
    0.21489E+02   -0.17831E+00    0.24239E+03    0.23845E+01
    0.65863E+01   -0.24127E+00    0.17732E+03    0.22488E+01
    0.22914E+02   -0.24123E+00    0.21628E+03    0.23350E+01
    0.17837E+02   -0.18945E+00    0.20181E+03    0.23050E+01
    0.62811E+01   -0.44626E+00    0.11900E+03    0.20755E+01
    0.23219E+02   -0.44627E+00    0.14595E+03    0.21642E+01
    0.69981E+01   -0.17980E+00    0.19890E+03    0.22986E+01
    0.29337E+02   -0.18873E+00    0.15503E+03    0.21904E+01
    0.22502E+02   -0.17988E+00    0.21349E+03    0.23294E+01
    0.19907E+01   -0.19326E+00    0.15920E+03    0.22019E+01
    0.27503E+02   -0.18954E+00    0.20590E+03    0.23137E+01
    0.11751E+02   -0.24734E+00    0.16931E+03    0.22287E+01
    0.11221E+02   -0.14067E+01    0.35727E+02    0.15530E+01
    0.15226E+01   -0.16086E+00    0.15643E+03    0.21943E+01
    0.27977E+02   -0.16080E+00    0.18649E+03    0.22707E+01
    0.14253E+02   -0.24068E+00    0.18235E+03    0.22609E+01
    0.85811E+01   -0.23372E+00    0.18643E+03    0.22705E+01
    0.20919E+02   -0.23374E+00    0.21703E+03    0.23365E+01
    0.11007E+02   -0.15692E+00    0.19825E+03    0.22972E+01
    0.16745E+02   -0.22932E+00    0.17940E+03    0.22538E+01
    0.20249E+02   -0.23145E+00    0.19079E+03    0.22805E+01
    0.92505E+01   -0.23105E+00    0.18128E+03    0.22584E+01
    0.13418E+02   -0.22120E+00    0.19162E+03    0.22825E+01
    0.14781E+02   -0.35843E+00    0.15178E+03    0.21812E+01
    0.15363E+02   -0.13610E+01    0.38406E+02    0.15844E+01
    0.14327E+01   -0.13609E+01    0.55993E+02    0.17481E+01
    0.28067E+02   -0.13609E+01    0.68552E+02    0.18360E+01
    0.11764E+02   -0.35686E+00    0.14382E+03    0.21578E+01
    0.11036E+02   -0.13226E+01    0.38031E+02    0.15801E+01
    0.17777E+02   -0.34479E+00    0.16641E+03    0.22212E+01
    0.23781E+02   -0.13637E+01    0.43162E+02    0.16351E+01
    0.57187E+01   -0.13638E+01    0.40202E+02    0.16042E+01
    0.20248E+02   -0.13645E+01    0.40623E+02    0.16088E+01
    0.92518E+01   -0.13645E+01    0.39949E+02    0.16015E+01
    0.70772E+01   -0.22312E+00    0.18875E+03    0.22759E+01
    0.22424E+02   -0.22377E+00    0.19880E+03    0.22984E+01
    0.10932E+02   -0.20223E+00    0.18504E+03    0.22673E+01
    0.18670E+02   -0.85553E+00    0.62160E+02    0.17935E+01
    0.92476E+01   -0.32741E+00    0.16279E+03    0.22116E+01
    0.20252E+02   -0.32781E+00    0.17284E+03    0.22376E+01
    0.14419E+02   -0.34635E+00    0.15809E+03    0.21989E+01
    0.87110E+01   -0.33812E+00    0.16250E+03    0.22109E+01
    0.20789E+02   -0.33827E+00    0.18352E+03    0.22637E+01
    0.65723E+01   -0.34957E+00    0.15501E+03    0.21904E+01
    0.22928E+02   -0.34953E+00    0.18771E+03    0.22735E+01
    0.16755E+02   -0.31939E+00    0.15448E+03    0.21889E+01
    0.13416E+02   -0.31470E+00    0.17444E+03    0.22416E+01
    0.18682E+02   -0.10182E+01    0.53339E+02    0.17270E+01
    0.94294E-01   -0.20389E+00    0.10514E+03    0.20218E+01
