    0.39303E+01   -0.66246E-01    0.36599E+02    0.15635E+01
    0.25570E+02   -0.66261E-01    0.10345E+03    0.20147E+01
    0.20891E+01   -0.48789E+00    0.44195E+02    0.16454E+01
    0.18662E+02   -0.22972E+00    0.17607E+03    0.22457E+01
    0.11555E+02   -0.16478E+01    0.25862E+02    0.14127E+01
    0.22123E+02   -0.11603E+01    0.40179E+02    0.16040E+01
    0.73773E+01   -0.11603E+01    0.46062E+02    0.16633E+01
    0.21912E+02   -0.11516E+01    0.36329E+02    0.15603E+01
    0.75881E+01   -0.11516E+01    0.45005E+02    0.16533E+01
    0.27676E+02   -0.15905E+01    0.79850E+02    0.19023E+01
    0.18243E+01   -0.15905E+01    0.31119E+02    0.14930E+01
    0.14966E+02   -0.15905E+01    0.38973E+02    0.15908E+01
    0.27881E+02   -0.16257E+00    0.10272E+03    0.20117E+01
    0.16195E+01   -0.16258E+00    0.74476E+02    0.18720E+01
    0.23009E+01   -0.25696E+00    0.75532E+02    0.18781E+01
    0.32786E+01   -0.26417E+00    0.39924E+02    0.16012E+01
    0.36486E+01   -0.14303E+01    0.36897E+02    0.15670E+01
    0.25851E+02   -0.14301E+01    0.50650E+02    0.17046E+01
    0.26222E+02   -0.26380E+00    0.10765E+03    0.20320E+01
    0.22233E+01   -0.49960E+00    0.48909E+02    0.16894E+01
    0.27924E+02   -0.16276E+01    0.73510E+02    0.18663E+01
    0.15762E+01   -0.16276E+01    0.27225E+02    0.14350E+01
    0.15220E+02   -0.16277E+01    0.36790E+02    0.15657E+01
    0.23715E+02   -0.20987E+00    0.94847E+02    0.19770E+01
    0.57851E+01   -0.20995E+00    0.99863E+02    0.19994E+01
    0.12680E+02   -0.12581E+01    0.57226E+02    0.17576E+01
    0.27204E+02   -0.24755E+00    0.84875E+02    0.19288E+01
    0.26348E+02   -0.99210E+00    0.71069E+02    0.18517E+01
    0.27813E+02   -0.23824E+00    0.10961E+03    0.20398E+01
    0.16876E+01   -0.23842E+00    0.87549E+02    0.19423E+01
    0.15147E+02   -0.23114E+00    0.88015E+02    0.19446E+01
    0.14589E+02   -0.49250E+00    0.44628E+02    0.16496E+01
    0.23369E+00   -0.32722E+00    0.47368E+02    0.16755E+01
    0.14270E+02   -0.11751E+01    0.55695E+02    0.17458E+01
    0.25998E+01   -0.23982E+00    0.74847E+02    0.18742E+01
    0.26903E+02   -0.24172E+00    0.70918E+02    0.18508E+01
    0.19259E+02   -0.36652E+00    0.33248E+02    0.15218E+01
    0.21384E+02   -0.23083E+00    0.18497E+03    0.22671E+01
    0.81157E+01   -0.23083E+00    0.10991E+03    0.20410E+01
    0.14061E+02   -0.11878E+01    0.41153E+02    0.16144E+01
    0.13634E+02   -0.99604E+00    0.30015E+02    0.14773E+01
    0.16789E+02   -0.15107E+01    0.28734E+02    0.14584E+01
    0.34718E+01   -0.12443E+01    0.32544E+02    0.15125E+01
    0.31516E+01   -0.99390E+00    0.25911E+02    0.14135E+01
    0.33651E+01   -0.18768E+00    0.78384E+02    0.18942E+01
    0.26135E+02   -0.18758E+00    0.10274E+03    0.20118E+01
    0.11762E+02   -0.18251E+01    0.24067E+02    0.13814E+01
    0.14731E+02   -0.48749E+00    0.41055E+02    0.16134E+01
    0.28304E+02   -0.41356E+00    0.13461E+03    0.21291E+01
    0.11953E+01   -0.41470E+00    0.10473E+03    0.20201E+01
    0.78624E+01   -0.29210E+00    0.92687E+02    0.19670E+01
    0.21638E+02   -0.29208E+00    0.11611E+03    0.20649E+01
    0.26028E+02   -0.12434E+01    0.54938E+02    0.17399E+01
    0.16248E+02   -0.36635E+00    0.53037E+02    0.17246E+01
    0.38485E+01   -0.12175E+00    0.50994E+02    0.17075E+01
    0.27557E+02   -0.59138E+00    0.12766E+03    0.21060E+01
    0.19499E+01   -0.58857E+00    0.28082E+02    0.14484E+01
    0.46074E+01   -0.12293E+01    0.63605E+02    0.18035E+01
    0.25652E+02   -0.12177E+00    0.10151E+03    0.20065E+01
    0.24893E+02   -0.12293E+01    0.79865E+02    0.19024E+01
    0.14672E+02   -0.92140E+00    0.53507E+02    0.17284E+01
    0.27392E+02   -0.93744E+00    0.11458E+03    0.20591E+01
    0.21084E+01   -0.92662E+00    0.23997E+02    0.13802E+01
    0.15278E+02   -0.43724E+00    0.58551E+02    0.17675E+01
    0.63328E+01   -0.93703E+00    0.23965E+02    0.13796E+01
    0.23167E+02   -0.93698E+00    0.47287E+02    0.16747E+01
    0.86489E+01   -0.93451E+00    0.54814E+02    0.17389E+01
    0.20851E+02   -0.93450E+00    0.26842E+02    0.14288E+01
    0.13585E+02   -0.12101E+01    0.22034E+02    0.13431E+01
    0.14473E+02   -0.61187E+00    0.56565E+02    0.17526E+01
    0.28159E+02   -0.21443E+00    0.10415E+03    0.20177E+01
    0.13405E+01   -0.21513E+00    0.71775E+02    0.18560E+01
    0.22967E+02   -0.63400E+00    0.77950E+02    0.18918E+01
    0.65326E+01   -0.63406E+00    0.43415E+02    0.16376E+01
    0.90803E+01   -0.50092E+00    0.39436E+02    0.15959E+01
    0.20420E+02   -0.50089E+00    0.16156E+02    0.12083E+01
    0.19371E+02   -0.46016E+00    0.54155E+02    0.17336E+01
    0.11104E+02   -0.17034E+00    0.31255E+03    0.24949E+01
    0.84467E+01   -0.63247E+00    0.42090E+02    0.16242E+01
    0.21053E+02   -0.63246E+00    0.27716E+02    0.14427E+01
    0.19139E+02   -0.12281E+01    0.23411E+02    0.13694E+01
    0.10359E+02   -0.12279E+01    0.76236E+02    0.18822E+01
    0.12079E+00   -0.31194E+00    0.51863E+02    0.17149E+01
    0.18349E+01   -0.47454E+00    0.41333E+02    0.16163E+01
    0.27672E+02   -0.46634E+00    0.12570E+03    0.20994E+01
    0.53121E+00   -0.19502E+00    0.11200E+03    0.20492E+01
    0.28970E+02   -0.19253E+00    0.12808E+03    0.21075E+01
    0.75176E+01   -0.24207E+00    0.10068E+03    0.20030E+01
    0.21983E+02   -0.24121E+00    0.98386E+02    0.19929E+01
    0.12897E+02   -0.12915E+01    0.38361E+02    0.15839E+01
    0.19284E+02   -0.24679E+00    0.35463E+02    0.15498E+01
    0.23105E+01   -0.13468E+01    0.43161E+02    0.16351E+01
    0.27190E+02   -0.13468E+01    0.92559E+02    0.19664E+01
    0.14452E+02   -0.13328E+01    0.46445E+02    0.16669E+01
    0.45533E+00   -0.26402E+00    0.71607E+02    0.18550E+01
    0.29054E+02   -0.25777E+00    0.10367E+03    0.20157E+01
    0.65083E+01   -0.13474E+01    0.38648E+02    0.15871E+01
    0.22992E+02   -0.13473E+01    0.35631E+02    0.15518E+01
    0.84617E+01   -0.13473E+01    0.38176E+02    0.15818E+01
    0.21038E+02   -0.13473E+01    0.29336E+02    0.14674E+01
    0.30564E+01   -0.46773E+00    0.27726E+02    0.14429E+01
    0.26444E+02   -0.46681E+00    0.10146E+03    0.20063E+01
    0.16736E+02   -0.51604E+00    0.41990E+02    0.16231E+01
    0.30182E-02   -0.85141E+00    0.49240E+02    0.16923E+01
    0.17003E+01   -0.47337E+00    0.47687E+02    0.16784E+01
    0.27801E+02   -0.47505E+00    0.11527E+03    0.20617E+01
    0.10666E+02   -0.10660E+01    0.68566E+02    0.18361E+01
    0.12840E+02   -0.22763E+00    0.45503E+02    0.16580E+01
    0.26294E+02   -0.12020E+01    0.64381E+02    0.18088E+01
    0.62223E+01   -0.25965E+00    0.91258E+02    0.19603E+01
    0.23278E+02   -0.25966E+00    0.91583E+02    0.19618E+01
    0.17016E+02   -0.51018E+00    0.47132E+02    0.16733E+01
    0.16150E+02   -0.45744E+00    0.35428E+02    0.15493E+01
    0.15534E+02   -0.50799E+00    0.75787E+02    0.18796E+01
    0.54902E+01   -0.51265E+00    0.50144E+02    0.17002E+01
    0.24010E+02   -0.51261E+00    0.57402E+02    0.17589E+01
    0.12852E+01   -0.52618E+00    0.79271E+02    0.18991E+01
    0.28215E+02   -0.52544E+00    0.12027E+03    0.20802E+01
    0.12059E+02   -0.16735E+01    0.42135E+02    0.16246E+01
    0.11804E+02   -0.62503E+00    0.26315E+02    0.14202E+01
    0.18568E+02   -0.27639E+00    0.10546E+03    0.20231E+01
    0.23652E+02   -0.57839E+00    0.51425E+02    0.17112E+01
    0.58485E+01   -0.57845E+00    0.24950E+02    0.13971E+01
    0.32061E+01   -0.12034E+01    0.29016E+02    0.14626E+01
    0.23083E+02   -0.56069E+00    0.82495E+02    0.19164E+01
    0.64166E+01   -0.56072E+00    0.55997E+02    0.17482E+01
    0.16289E+02   -0.14982E+01    0.27736E+02    0.14430E+01
    0.15176E+02   -0.55793E+00    0.30316E+02    0.14817E+01
    0.27572E+02   -0.79596E+00    0.12185E+03    0.20858E+01
    0.19294E+01   -0.78359E+00    0.18001E+02    0.12553E+01
    0.14859E+02   -0.80072E+00    0.32536E+02    0.15124E+01
    0.88246E+01   -0.80801E+00    0.50961E+02    0.17072E+01
    0.20675E+02   -0.80799E+00    0.23022E+02    0.13621E+01
    0.23341E+02   -0.81396E+00    0.46865E+02    0.16709E+01
    0.61592E+01   -0.81401E+00    0.19231E+02    0.12840E+01
    0.20006E+02   -0.53365E+00    0.74730E+02    0.18735E+01
    0.94941E+01   -0.53366E+00    0.64666E+02    0.18107E+01
    0.21693E+02   -0.81267E+00    0.46622E+02    0.16686E+01
    0.78066E+01   -0.81269E+00    0.29783E+02    0.14740E+01
    0.12551E+02   -0.25523E+00    0.81097E+02    0.19090E+01
    0.14854E+02   -0.60382E+00    0.29408E+02    0.14685E+01
    0.27428E+02   -0.53743E+00    0.12301E+03    0.20899E+01
    0.27403E+02   -0.11958E+01    0.10280E+03    0.20120E+01
    0.20967E+01   -0.11958E+01    0.27703E+02    0.14425E+01
    0.14683E+02   -0.11909E+01    0.49763E+02    0.16969E+01
    0.23197E+01   -0.62634E+00    0.48851E+02    0.16889E+01
    0.27195E+02   -0.64183E+00    0.10686E+03    0.20288E+01
    0.26305E+02   -0.49310E+00    0.92602E+02    0.19666E+01
    0.62944E+01   -0.11945E+01    0.28739E+02    0.14585E+01
    0.86756E+01   -0.11945E+01    0.45278E+02    0.16559E+01
    0.23206E+02   -0.11944E+01    0.37407E+02    0.15730E+01
    0.20824E+02   -0.11945E+01    0.36728E+02    0.15650E+01
    0.31953E+01   -0.49400E+00    0.21523E+02    0.13329E+01
    0.61385E+01   -0.18738E+00    0.98830E+02    0.19949E+01
    0.12470E+02   -0.20295E+00    0.33226E+03    0.25215E+01
    0.23362E+02   -0.18737E+00    0.89716E+02    0.19529E+01
    0.77564E+01   -0.29694E+00    0.79725E+02    0.19016E+01
    0.21744E+02   -0.29679E+00    0.99248E+02    0.19967E+01
    0.23746E+02   -0.45315E+00    0.62226E+02    0.17940E+01
    0.57540E+01   -0.45326E+00    0.44151E+02    0.16449E+01
    0.61728E+01   -0.63599E+00    0.26431E+02    0.14221E+01
    0.23327E+02   -0.63596E+00    0.59937E+02    0.17777E+01
    0.22948E+01   -0.82157E+00    0.37845E+02    0.15780E+01
    0.27206E+02   -0.83420E+00    0.10918E+03    0.20382E+01
    0.14483E+02   -0.81212E+00    0.72062E+02    0.18577E+01
    0.15757E+02   -0.12600E+01    0.35137E+02    0.15458E+01
    0.10683E+01   -0.12649E+01    0.24009E+02    0.13804E+01
    0.28431E+02   -0.12647E+01    0.79967E+02    0.19029E+01
    0.65232E+01   -0.83491E+00    0.31292E+02    0.14954E+01
    0.22977E+02   -0.83485E+00    0.62044E+02    0.17927E+01
    0.84604E+01   -0.83206E+00    0.56463E+02    0.17518E+01
    0.14306E+02   -0.53517E+00    0.46896E+02    0.16711E+01
    0.21040E+02   -0.83205E+00    0.23243E+02    0.13663E+01
    0.22801E+02   -0.54631E+00    0.81619E+02    0.19118E+01
    0.66985E+01   -0.54637E+00    0.42947E+02    0.16329E+01
    0.12097E+02   -0.52672E+00    0.22125E+02    0.13449E+01
    0.35767E+01   -0.16960E+01    0.30341E+02    0.14820E+01
    0.25923E+02   -0.16958E+01    0.48276E+02    0.16837E+01
    0.82698E+01   -0.55897E+00    0.21944E+02    0.13413E+01
    0.20308E+02   -0.59429E+00    0.22299E+02    0.13483E+01
    0.91923E+01   -0.59430E+00    0.40210E+02    0.16043E+01
    0.28055E+02   -0.24405E+00    0.98842E+02    0.19949E+01
    0.14452E+01   -0.24444E+00    0.68010E+02    0.18326E+01
    0.21230E+02   -0.55895E+00    0.42968E+02    0.16331E+01
    0.15408E+02   -0.43237E+00    0.84700E+02    0.19279E+01
    0.58375E+01   -0.30841E+00    0.71921E+02    0.18569E+01
    0.23663E+02   -0.30831E+00    0.79154E+02    0.18985E+01
    0.18748E+02   -0.27471E+00    0.18397E+03    0.22647E+01
    0.16199E+00   -0.97225E+00    0.41878E+02    0.16220E+01
    0.13755E+02   -0.71303E+00    0.31504E+02    0.14984E+01
    0.82015E+01   -0.17919E+00    0.14314E+03    0.21558E+01
    0.21298E+02   -0.17919E+00    0.16779E+03    0.22248E+01
    0.11129E+02   -0.26313E+00    0.93914E+02    0.19727E+01
    0.11673E+02   -0.56620E+00    0.27510E+02    0.14395E+01
    0.29432E+02   -0.32232E+00    0.11848E+03    0.20736E+01
    0.27921E+02   -0.58174E+00    0.11236E+03    0.20506E+01
    0.15785E+01   -0.57986E+00    0.39313E+02    0.15945E+01
    0.15236E+02   -0.29121E+00    0.74285E+02    0.18709E+01
    0.12009E+02   -0.22344E+00    0.41904E+02    0.16223E+01
    0.28558E+01   -0.11877E+01    0.41903E+02    0.16222E+01
    0.26644E+02   -0.11874E+01    0.78601E+02    0.18954E+01
    0.22444E+02   -0.11562E+01    0.41731E+02    0.16205E+01
    0.21592E+02   -0.11783E+01    0.26712E+02    0.14267E+01
    0.79080E+01   -0.11783E+01    0.46215E+02    0.16648E+01
    0.70559E+01   -0.11562E+01    0.45580E+02    0.16588E+01
    0.47350E+01   -0.13983E+01    0.57331E+02    0.17584E+01
    0.24765E+02   -0.13983E+01    0.74065E+02    0.18696E+01
    0.85727E+01   -0.53467E+00    0.51141E+02    0.17088E+01
    0.98219E+01   -0.23418E+00    0.14224E+03    0.21530E+01
    0.20927E+02   -0.53465E+00    0.30619E+02    0.14860E+01
    0.19674E+02   -0.23505E+00    0.79996E+02    0.19031E+01
    0.34483E+01   -0.44941E+00    0.34897E+02    0.15428E+01
    0.26052E+02   -0.44876E+00    0.77343E+02    0.18884E+01
    0.23332E+01   -0.37135E+00    0.62551E+02    0.17962E+01
    0.84395E+01   -0.16566E+01    0.21627E+02    0.13350E+01
    0.65305E+01   -0.16566E+01    0.44916E+02    0.16524E+01
    0.27185E+02   -0.36539E+00    0.92067E+02    0.19641E+01
    0.21060E+02   -0.16566E+01    0.27305E+02    0.14362E+01
    0.22970E+02   -0.16566E+01    0.30168E+02    0.14795E+01
    0.23269E+01   -0.16566E+01    0.54233E+02    0.17343E+01
    0.27173E+02   -0.16566E+01    0.77047E+02    0.18868E+01
    0.14444E+02   -0.16469E+01    0.34016E+02    0.15317E+01
    0.10080E+02   -0.38849E+00    0.39553E+02    0.15972E+01
    0.10792E+02   -0.16779E+01    0.25262E+02    0.14025E+01
    0.17359E+02   -0.44793E+00    0.63825E+02    0.18050E+01
    0.19275E+02   -0.14024E+01    0.22515E+02    0.13525E+01
    0.10236E+02   -0.13972E+01    0.64675E+02    0.18107E+01
    0.17896E+02   -0.58576E+00    0.38464E+02    0.15851E+01
    0.21238E+02   -0.41005E+00    0.81405E+02    0.19107E+01
    0.82617E+01   -0.41006E+00    0.18273E+02    0.12618E+01
    0.13305E+02   -0.55721E+00    0.88917E+02    0.19490E+01
    0.29374E+02   -0.12249E+01    0.96262E+02    0.19835E+01
    0.25038E+01   -0.12143E+01    0.48920E+02    0.16895E+01
    0.26996E+02   -0.12144E+01    0.92905E+02    0.19680E+01
    0.79053E+01   -0.18961E+00    0.24584E+03    0.23907E+01
    0.21595E+02   -0.18960E+00    0.14168E+03    0.21513E+01
    0.16841E+02   -0.17411E+01    0.25600E+02    0.14082E+01
    0.67140E+01   -0.11829E+01    0.39851E+02    0.16004E+01
    0.22786E+02   -0.11829E+01    0.43688E+02    0.16404E+01
    0.82485E+01   -0.12123E+01    0.50683E+02    0.17049E+01
    0.21252E+02   -0.12122E+01    0.24490E+02    0.13890E+01
    0.19362E+02   -0.19735E+00    0.53217E+02    0.17260E+01
    0.27864E+02   -0.34245E+00    0.10869E+03    0.20362E+01
    0.16370E+01   -0.34232E+00    0.71544E+02    0.18546E+01
    0.15639E+02   -0.41120E+00    0.11226E+03    0.20502E+01
    0.33045E+01   -0.38660E+00    0.27518E+02    0.14396E+01
    0.26196E+02   -0.38594E+00    0.92652E+02    0.19669E+01
    0.16659E+02   -0.62725E+00    0.38123E+02    0.15812E+01
    0.18265E+02   -0.48090E+00    0.44065E+02    0.16441E+01
    0.29348E+02   -0.96968E+00    0.10081E+03    0.20035E+01
    0.12754E+02   -0.27808E+00    0.26480E+02    0.14229E+01
    0.15053E+02   -0.26514E+00    0.10042E+03    0.20018E+01
    0.60191E+01   -0.53985E+00    0.27696E+02    0.14424E+01
    0.23481E+02   -0.53982E+00    0.60858E+02    0.17843E+01
    0.93720E+00   -0.47856E+00    0.14764E+03    0.21692E+01
    0.28563E+02   -0.47762E+00    0.15640E+03    0.21942E+01
    0.11315E+01   -0.16897E+01    0.28441E+02    0.14539E+01
    0.28369E+02   -0.16897E+01    0.65901E+02    0.18189E+01
    0.15694E+02   -0.16903E+01    0.32224E+02    0.15082E+01
    0.13625E+00   -0.12265E+01    0.42494E+02    0.16283E+01
    0.24865E+01   -0.56257E+00    0.64330E+02    0.18084E+01
    0.27029E+02   -0.56145E+00    0.94229E+02    0.19742E+01
    0.26116E+01   -0.35310E+00    0.81618E+02    0.19118E+01
    0.26892E+02   -0.34938E+00    0.79936E+02    0.19027E+01
    0.56238E+01   -0.43299E+00    0.54246E+02    0.17344E+01
    0.23876E+02   -0.43290E+00    0.63308E+02    0.18015E+01
    0.12476E+02   -0.60811E+00    0.37123E+02    0.15696E+01
    0.12931E+02   -0.52160E+00    0.29219E+02    0.14657E+01
    0.72680E+01   -0.45105E+00    0.61031E+02    0.17855E+01
    0.18280E+02   -0.64006E+00    0.31945E+02    0.15044E+01
    0.12168E+02   -0.70102E+00    0.41805E+02    0.16212E+01
    0.18130E+02   -0.19722E+00    0.15861E+03    0.22003E+01
    0.99123E+01   -0.28041E+00    0.74096E+02    0.18698E+01
    0.19555E+02   -0.28304E+00    0.11085E+03    0.20447E+01
    0.18312E+02   -0.21139E+00    0.84279E+02    0.19257E+01
    0.13343E+02   -0.12679E+01    0.24038E+02    0.13809E+01
    0.71679E+01   -0.56692E+00    0.33359E+02    0.15232E+01
    0.22335E+02   -0.56827E+00    0.65578E+02    0.18168E+01
    0.10187E+02   -0.46211E+00    0.43019E+02    0.16337E+01
    0.15008E+02   -0.50338E+00    0.31695E+02    0.15010E+01
    0.48826E+01   -0.38781E+00    0.50108E+02    0.16999E+01
    0.24617E+02   -0.38781E+00    0.81338E+02    0.19103E+01
    0.65261E+00   -0.16365E+01    0.32330E+02    0.15096E+01
    0.28847E+02   -0.16364E+01    0.70637E+02    0.18490E+01
    0.23449E+02   -0.40384E+00    0.76033E+02    0.18810E+01
    0.74021E+01   -0.44119E+00    0.71109E+02    0.18519E+01
    0.60511E+01   -0.40387E+00    0.48817E+02    0.16886E+01
    0.74284E+01   -0.29585E+00    0.11280E+03    0.20523E+01
    0.51612E+01   -0.23098E+00    0.89588E+02    0.19522E+01
    0.24339E+02   -0.23098E+00    0.87537E+02    0.19422E+01
    0.16873E+02   -0.46771E+00    0.48676E+02    0.16873E+01
    0.12759E+02   -0.51474E+00    0.16543E+02    0.12186E+01
    0.87041E+01   -0.18271E+01    0.16413E+02    0.12152E+01
    0.62659E+01   -0.18271E+01    0.45795E+02    0.16608E+01
    0.20796E+02   -0.18271E+01    0.34660E+02    0.15398E+01
    0.23234E+02   -0.18271E+01    0.30509E+02    0.14844E+01
    0.18147E+02   -0.41464E+00    0.74023E+02    0.18694E+01
    0.24839E+01   -0.41912E+00    0.70392E+02    0.18475E+01
    0.27034E+02   -0.41518E+00    0.86797E+02    0.19385E+01
    0.20571E+01   -0.18273E+01    0.48626E+02    0.16869E+01
    0.27443E+02   -0.18273E+01    0.70351E+02    0.18473E+01
    0.14733E+02   -0.18273E+01    0.35980E+02    0.15561E+01
    0.18997E+02   -0.18298E+01    0.34506E+02    0.15379E+01
    0.10513E+02   -0.18249E+01    0.32751E+02    0.15152E+01
    0.47852E+01   -0.46584E+00    0.31936E+02    0.15043E+01
    0.24715E+02   -0.46585E+00    0.91884E+02    0.19632E+01
    0.22071E+02   -0.29886E+00    0.90185E+02    0.19551E+01
    0.17572E+02   -0.12459E+01    0.30239E+02    0.14806E+01
    0.44583E+01   -0.18258E+01    0.29340E+02    0.14675E+01
    0.32631E+01   -0.18268E+01    0.32969E+02    0.15181E+01
    0.13527E+02   -0.18260E+01    0.20165E+02    0.13046E+01
    0.17150E+02   -0.18451E+01    0.28665E+02    0.14574E+01
    0.26237E+02   -0.18265E+01    0.50723E+02    0.17052E+01
    0.22015E+02   -0.18258E+01    0.23269E+02    0.13668E+01
    0.74850E+01   -0.18258E+01    0.35102E+02    0.15453E+01
    0.12327E+02   -0.18484E+01    0.38353E+02    0.15838E+01
    0.25042E+02   -0.18258E+01    0.52834E+02    0.17229E+01
    0.85799E+00   -0.18253E+01    0.32672E+02    0.15142E+01
    0.28642E+02   -0.18253E+01    0.63397E+02    0.18021E+01
    0.15962E+02   -0.18258E+01    0.27249E+02    0.14353E+01
    0.42813E+01   -0.33197E+00    0.18924E+02    0.12770E+01
    0.17395E+02   -0.60851E+00    0.37030E+02    0.15686E+01
    0.90067E+01   -0.23144E+00    0.67853E+02    0.18316E+01
    0.34232E+01   -0.60299E+00    0.27877E+02    0.14452E+01
    0.26077E+02   -0.60118E+00    0.71224E+02    0.18526E+01
    0.20493E+02   -0.23401E+00    0.15234E+03    0.21828E+01
    0.21379E+02   -0.34432E+00    0.12774E+03    0.21063E+01
    0.81214E+01   -0.34433E+00    0.30405E+02    0.14829E+01
    0.21856E+02   -0.88012E+00    0.47215E+02    0.16741E+01
    0.17062E+02   -0.68676E+00    0.41796E+02    0.16211E+01
    0.76441E+01   -0.88012E+00    0.34143E+02    0.15333E+01
    0.25219E+02   -0.33201E+00    0.76433E+02    0.18833E+01
    0.38450E+01   -0.25103E+00    0.56891E+02    0.17550E+01
    0.11206E+02   -0.52078E+00    0.18613E+02    0.12698E+01
    0.25655E+02   -0.25106E+00    0.85230E+02    0.19306E+01
    0.13017E+02   -0.68954E+00    0.38972E+02    0.15908E+01
    0.53817E+01   -0.41686E+00    0.65594E+02    0.18169E+01
    0.24118E+02   -0.41702E+00    0.67969E+02    0.18323E+01
    0.17120E+02   -0.39448E+00    0.59170E+02    0.17721E+01
    0.30195E+01   -0.35403E+00    0.39892E+02    0.16009E+01
    0.69960E+01   -0.38277E+00    0.48010E+02    0.16813E+01
    0.22507E+02   -0.38338E+00    0.68768E+02    0.18374E+01
    0.13834E+02   -0.57918E+00    0.25950E+02    0.14141E+01
    0.37636E+01   -0.52232E+00    0.70904E+02    0.18507E+01
    0.25737E+02   -0.52209E+00    0.61270E+02    0.17872E+01
    0.59800E+01   -0.16904E+01    0.42198E+02    0.16253E+01
    0.23520E+02   -0.16904E+01    0.34056E+02    0.15322E+01
    0.89900E+01   -0.16906E+01    0.21708E+02    0.13366E+01
    0.20510E+02   -0.16906E+01    0.45613E+02    0.16591E+01
    0.30608E+01   -0.13198E+01    0.35997E+02    0.15563E+01
    0.26439E+02   -0.13190E+01    0.68670E+02    0.18368E+01
    0.13730E+02   -0.13608E+01    0.19973E+02    0.13005E+01
    0.29441E+02   -0.21537E+00    0.11627E+03    0.20655E+01
    0.13580E+02   -0.44275E+00    0.34189E+02    0.15339E+01
    0.21792E+02   -0.13121E+01    0.27208E+02    0.14347E+01
    0.77076E+01   -0.13121E+01    0.45329E+02    0.16564E+01
    0.22236E+02   -0.13193E+01    0.36274E+02    0.15596E+01
    0.72638E+01   -0.13193E+01    0.48984E+02    0.16901E+01
    0.13234E+02   -0.41983E+00    0.11818E+03    0.20725E+01
    0.27933E+02   -0.75330E+00    0.11101E+03    0.20454E+01
    0.15665E+01   -0.75313E+00    0.22803E+02    0.13580E+01
    0.15219E+02   -0.75434E+00    0.25307E+02    0.14032E+01
    0.11902E+01   -0.14230E+01    0.23499E+02    0.13711E+01
    0.28310E+02   -0.14230E+01    0.73965E+02    0.18690E+01
    0.15635E+02   -0.14236E+01    0.34254E+02    0.15347E+01
    0.39222E+00   -0.16541E+01    0.37489E+02    0.15739E+01
    0.29108E+02   -0.16540E+01    0.77772E+02    0.18908E+01
    0.79739E+01   -0.39430E+00    0.29130E+02    0.14643E+01
    0.23695E+02   -0.75880E+00    0.41193E+02    0.16148E+01
    0.58048E+01   -0.75884E+00    0.19516E+02    0.12904E+01
    0.21526E+02   -0.39429E+00    0.10485E+03    0.20206E+01
    0.20320E+02   -0.77067E+00    0.34420E+02    0.15368E+01
    0.91798E+01   -0.77068E+00    0.38886E+02    0.15898E+01
    0.24990E+02   -0.42408E+00    0.94822E+02    0.19769E+01
    0.45102E+01   -0.42407E+00    0.19118E+02    0.12814E+01
    0.18513E+02   -0.39763E+00    0.55183E+02    0.17418E+01
    0.15844E+02   -0.21662E+00    0.11537E+03    0.20621E+01
    0.15564E+02   -0.69175E+00    0.41999E+02    0.16232E+01
    0.13958E+02   -0.13544E+01    0.24125E+02    0.13825E+01
    0.12321E+01   -0.71010E+00    0.51662E+02    0.17132E+01
    0.28267E+02   -0.70853E+00    0.11262E+03    0.20516E+01
    0.11930E+02   -0.50204E+00    0.20031E+02    0.13017E+01
    0.10762E+02   -0.53544E+00    0.20117E+02    0.13036E+01
    0.11921E+02   -0.26543E+00    0.74365E+02    0.18714E+01
    0.15891E+02   -0.65449E+00    0.36297E+02    0.15599E+01
    0.90353E+00   -0.64729E+00    0.87784E+02    0.19434E+01
    0.28596E+02   -0.64650E+00    0.12261E+03    0.20885E+01
    0.10480E+02   -0.58694E+00    0.44184E+02    0.16453E+01
    0.54627E+01   -0.69504E+00    0.34893E+02    0.15427E+01
    0.24037E+02   -0.69501E+00    0.50747E+02    0.17054E+01
    0.25309E+02   -0.52894E+00    0.71929E+02    0.18569E+01
    0.41912E+01   -0.52890E+00    0.20300E+02    0.13075E+01
    0.16201E+02   -0.61932E+00    0.32785E+02    0.15157E+01
    0.47912E+01   -0.61641E+00    0.24246E+02    0.13846E+01
    0.24709E+02   -0.61642E+00    0.96504E+02    0.19845E+01
    0.51200E+01   -0.64953E+00    0.36153E+02    0.15581E+01
    0.25015E+02   -0.57391E+00    0.94879E+02    0.19772E+01
    0.19338E+02   -0.62404E+00    0.29377E+02    0.14680E+01
    0.44847E+01   -0.57390E+00    0.16266E+02    0.12113E+01
    0.24380E+02   -0.64953E+00    0.75441E+02    0.18776E+01
    0.10182E+02   -0.61783E+00    0.40927E+02    0.16120E+01
    0.19657E+02   -0.66590E+00    0.67322E+02    0.18282E+01
    0.98546E+01   -0.65457E+00    0.14425E+02    0.11591E+01
    0.14986E+02   -0.36131E+00    0.62512E+02    0.17960E+01
    0.19976E+02   -0.71716E+00    0.71847E+02    0.18564E+01
    0.95239E+01   -0.71717E+00    0.36070E+02    0.15571E+01
    0.13313E+02   -0.33206E+00    0.10812E+03    0.20339E+01
    0.10597E+02   -0.12475E+01    0.63058E+02    0.17997E+01
    0.17995E+02   -0.45462E+00    0.70871E+02    0.18505E+01
    0.11840E+02   -0.80126E+00    0.51122E+02    0.17086E+01
    0.17960E+02   -0.74950E+00    0.25067E+02    0.13991E+01
    0.50564E+01   -0.27285E+00    0.77107E+02    0.18871E+01
    0.24444E+02   -0.27285E+00    0.77715E+02    0.18905E+01
    0.14312E+02   -0.40097E+00    0.34493E+02    0.15377E+01
    0.88231E+01   -0.63470E+00    0.55495E+02    0.17443E+01
    0.20677E+02   -0.63470E+00    0.17150E+02    0.12343E+01
    0.17708E+02   -0.55278E+00    0.40783E+02    0.16105E+01
    0.57722E+00   -0.61457E+00    0.54318E+02    0.17349E+01
    0.28923E+02   -0.61438E+00    0.10229E+03    0.20098E+01
    0.24877E+02   -0.19465E+00    0.77115E+02    0.18871E+01
    0.46229E+01   -0.19465E+00    0.15412E+03    0.21879E+01
    0.26479E+02   -0.35368E+00    0.11034E+03    0.20427E+01
    0.12519E+02   -0.14288E+01    0.64789E+02    0.18115E+01
    0.22497E+02   -0.51438E+00    0.68196E+02    0.18338E+01
    0.70051E+01   -0.51376E+00    0.29009E+02    0.14625E+01
    0.27880E+01   -0.55470E+00    0.63998E+02    0.18062E+01
    0.26714E+02   -0.54795E+00    0.92489E+02    0.19661E+01
    0.23862E+01   -0.18205E+00    0.61315E+02    0.17876E+01
    0.27117E+02   -0.18010E+00    0.70490E+02    0.18481E+01
    0.19026E+02   -0.44207E+00    0.29242E+02    0.14660E+01
    0.18579E+02   -0.52998E+00    0.48762E+02    0.16881E+01
    0.22810E+02   -0.40410E+00    0.85856E+02    0.19338E+01
    0.28431E+02   -0.40713E+00    0.15846E+03    0.21999E+01
    0.11257E+02   -0.68121E+00    0.26470E+02    0.14228E+01
    0.66904E+01   -0.40415E+00    0.68551E+02    0.18360E+01
    0.26131E+01   -0.18293E+01    0.60311E+02    0.17804E+01
    0.26887E+02   -0.18293E+01    0.66655E+02    0.18238E+01
    0.14158E+02   -0.18196E+01    0.24551E+02    0.13901E+01
    0.25333E+02   -0.14307E+01    0.56990E+02    0.17558E+01
    0.15753E+02   -0.40782E+00    0.88642E+02    0.19476E+01
    0.41671E+01   -0.14306E+01    0.55828E+02    0.17468E+01
    0.37103E+01   -0.68398E+00    0.62746E+02    0.17976E+01
    0.25790E+02   -0.68171E+00    0.56279E+02    0.17503E+01
    0.16731E+02   -0.78785E+00    0.39679E+02    0.15986E+01
    0.25331E+02   -0.16951E+01    0.51306E+02    0.17102E+01
    0.22234E+02   -0.45527E+00    0.70872E+02    0.18505E+01
    0.41686E+01   -0.16950E+01    0.35408E+02    0.15491E+01
    0.21832E+02   -0.49490E+00    0.78108E+02    0.18927E+01
    0.76675E+01   -0.49475E+00    0.32709E+02    0.15147E+01
    0.27633E+01   -0.40089E+00    0.77998E+02    0.18921E+01
    0.26739E+02   -0.39787E+00    0.91012E+02    0.19591E+01
    0.79635E+01   -0.54302E+00    0.19158E+02    0.12824E+01
    0.21537E+02   -0.54300E+00    0.65514E+02    0.18163E+01
    0.81265E+01   -0.18295E+01    0.19516E+02    0.12904E+01
    0.68435E+01   -0.18295E+01    0.47160E+02    0.16736E+01
    0.21374E+02   -0.18295E+01    0.22408E+02    0.13504E+01
    0.22656E+02   -0.18295E+01    0.27928E+02    0.14460E+01
    0.41875E+01   -0.38988E+00    0.15334E+02    0.11856E+01
    0.13058E+02   -0.17251E+01    0.28956E+02    0.14617E+01
    0.25313E+02   -0.38993E+00    0.72193E+02    0.18585E+01
    0.11095E+02   -0.18530E+01    0.17528E+02    0.12437E+01
    0.12437E+02   -0.45381E+00    0.41130E+02    0.16142E+01
    0.28068E+01   -0.16289E+01    0.52883E+02    0.17233E+01
    0.26693E+02   -0.16289E+01    0.71011E+02    0.18513E+01
    0.13956E+02   -0.16557E+01    0.20825E+02    0.13186E+01
    0.30535E+01   -0.16264E+01    0.40131E+02    0.16035E+01
    0.26446E+02   -0.16261E+01    0.63202E+02    0.18007E+01
    0.13729E+02   -0.16621E+01    0.18804E+02    0.12743E+01
    0.22232E+02   -0.16264E+01    0.28754E+02    0.14587E+01
    0.21798E+02   -0.16279E+01    0.22455E+02    0.13513E+01
    0.77019E+01   -0.16279E+01    0.36787E+02    0.15657E+01
    0.72677E+01   -0.16264E+01    0.45936E+02    0.16622E+01
    0.27139E+01   -0.13237E+01    0.49472E+02    0.16944E+01
    0.26786E+02   -0.13238E+01    0.81526E+02    0.19113E+01
    0.79411E+01   -0.16316E+01    0.32554E+02    0.15126E+01
    0.70284E+01   -0.16301E+01    0.48654E+02    0.16871E+01
    0.21559E+02   -0.16316E+01    0.21048E+02    0.13232E+01
    0.22472E+02   -0.16301E+01    0.30982E+02    0.14911E+01
    0.22579E+02   -0.12927E+01    0.38385E+02    0.15842E+01
    0.69211E+01   -0.12928E+01    0.48125E+02    0.16824E+01
    0.21459E+02   -0.13236E+01    0.23106E+02    0.13637E+01
    0.80410E+01   -0.13236E+01    0.44568E+02    0.16490E+01
    0.15957E+02   -0.26799E+00    0.78581E+02    0.18953E+01
    0.14046E+01   -0.18644E+01    0.31865E+02    0.15033E+01
    0.28095E+02   -0.18644E+01    0.63557E+02    0.18032E+01
    0.15391E+02   -0.18645E+01    0.36167E+02    0.15583E+01
    0.18848E+02   -0.64926E+00    0.38468E+02    0.15851E+01
    0.94851E+01   -0.22111E+00    0.64185E+02    0.18074E+01
    0.20015E+02   -0.22111E+00    0.37022E+02    0.15685E+01
    0.26983E+01   -0.18422E+00    0.80065E+02    0.19034E+01
    0.26802E+02   -0.18714E+00    0.75344E+02    0.18770E+01
    0.15868E+02   -0.48999E+00    0.49076E+02    0.16909E+01
    0.26077E+00   -0.58360E+00    0.42046E+02    0.16237E+01
    0.29247E+02   -0.58479E+00    0.10276E+03    0.20118E+01
    0.10455E+02   -0.43823E+00    0.35002E+02    0.15441E+01
    0.19907E+02   -0.42149E+00    0.84684E+02    0.19278E+01
    0.95930E+01   -0.42143E+00    0.99843E+02    0.19993E+01
    0.12701E+02   -0.39135E+00    0.17695E+02    0.12479E+01
    0.13814E+02   -0.88563E+00    0.35664E+02    0.15522E+01
    0.18385E+02   -0.26332E+00    0.64448E+02    0.18092E+01
    0.22097E+02   -0.44500E+00    0.78444E+02    0.18946E+01
    0.16256E+02   -0.17219E+01    0.24202E+02    0.13838E+01
    0.10688E+01   -0.40836E+00    0.12560E+03    0.20990E+01
    0.17378E+02   -0.14036E+01    0.34865E+02    0.15424E+01
    0.51422E+01   -0.48964E+00    0.48923E+02    0.16895E+01
    0.24358E+02   -0.48964E+00    0.75921E+02    0.18804E+01
    0.23813E+02   -0.18633E+01    0.40301E+02    0.16053E+01
    0.56875E+01   -0.18633E+01    0.41356E+02    0.16165E+01
    0.20217E+02   -0.18635E+01    0.41691E+02    0.16200E+01
    0.92825E+01   -0.18635E+01    0.26402E+02    0.14216E+01
    0.43165E+01   -0.10621E+01    0.72423E+02    0.18599E+01
    0.25184E+02   -0.10621E+01    0.71314E+02    0.18532E+01
    0.10805E+02   -0.14164E+01    0.35863E+02    0.15546E+01
    0.28908E+02   -0.45550E+00    0.11625E+03    0.20654E+01
    0.59195E+00   -0.45564E+00    0.83116E+02    0.19197E+01
    0.30164E+01   -0.74072E+00    0.26962E+02    0.14308E+01
    0.19679E+02   -0.50669E+00    0.11211E+03    0.20496E+01
    0.98327E+01   -0.49488E+00    0.26798E+02    0.14281E+01
    0.26484E+02   -0.73910E+00    0.84558E+02    0.19272E+01
    0.13488E+02   -0.57534E+00    0.45832E+02    0.16612E+01
    0.14411E+01   -0.48441E+00    0.66170E+02    0.18207E+01
    0.28059E+02   -0.48442E+00    0.11063E+03    0.20439E+01
    0.29492E+02   -0.12426E+00    0.12211E+03    0.20868E+01
    0.11286E+02   -0.41124E+00    0.16942E+02    0.12290E+01
    0.16217E+02   -0.24841E+00    0.91231E+02    0.19601E+01
    0.13201E+02   -0.70705E+00    0.58849E+02    0.17697E+01
    0.17418E+02   -0.16824E+01    0.35957E+02    0.15558E+01
    0.14023E+02   -0.38267E+00    0.36235E+02    0.15591E+01
    0.19539E+00   -0.18429E+01    0.45746E+02    0.16604E+01
    0.29305E+02   -0.18429E+01    0.82261E+02    0.19152E+01
    0.16861E+02   -0.34448E+00    0.68459E+02    0.18354E+01
    0.10725E+02   -0.40123E+00    0.23923E+02    0.13788E+01
    0.59641E+01   -0.29761E+00    0.73777E+02    0.18679E+01
    0.23536E+02   -0.29758E+00    0.82415E+02    0.19160E+01
    0.17740E+02   -0.18374E+01    0.40504E+02    0.16075E+01
    0.48668E+01   -0.19420E+00    0.10116E+03    0.20050E+01
    0.83885E+01   -0.23798E+00    0.52760E+02    0.17223E+01
    0.21112E+02   -0.23798E+00    0.11003E+03    0.20415E+01
    0.24633E+02   -0.19421E+00    0.63985E+02    0.18061E+01
    0.19740E+02   -0.16935E+01    0.31009E+02    0.14915E+01
    0.97596E+01   -0.16935E+01    0.44458E+02    0.16480E+01
    0.28518E+02   -0.21586E+00    0.21211E+03    0.23266E+01
    0.98244E+00   -0.21676E+00    0.82075E+02    0.19142E+01
    0.76017E+01   -0.28246E+00    0.85431E+02    0.19316E+01
    0.17940E+02   -0.24935E+00    0.10407E+03    0.20173E+01
    0.21899E+02   -0.28159E+00    0.93867E+02    0.19725E+01
    0.18198E+02   -0.26733E+00    0.11845E+03    0.20735E+01
    0.21825E+02   -0.37061E+00    0.92045E+02    0.19640E+01
    0.76754E+01   -0.37059E+00    0.60654E+02    0.17829E+01
    0.18470E+02   -0.67703E+00    0.38016E+02    0.15800E+01
    0.12657E+02   -0.64957E+00    0.24225E+02    0.13843E+01
    0.24289E+02   -0.16934E+01    0.57233E+02    0.17576E+01
    0.52115E+01   -0.16934E+01    0.44425E+02    0.16476E+01
    0.18022E+02   -0.19847E+00    0.16780E+03    0.22248E+01
    0.12352E+02   -0.73616E+00    0.54114E+02    0.17333E+01
    0.18420E+02   -0.18481E+01    0.47383E+02    0.16756E+01
    0.18734E+02   -0.16779E+01    0.43317E+02    0.16367E+01
    0.13739E+02   -0.44624E+00    0.29765E+02    0.14737E+01
    0.12992E+02   -0.39576E+00    0.55162E+02    0.17416E+01
    0.50147E+01   -0.18536E+01    0.34196E+02    0.15340E+01
    0.24485E+02   -0.18536E+01    0.57401E+02    0.17589E+01
    0.14000E+02   -0.53417E+00    0.30827E+02    0.14889E+01
    0.18149E+02   -0.78074E+00    0.25737E+02    0.14106E+01
    0.12037E+02   -0.85255E+00    0.66456E+02    0.18225E+01
    0.12176E+02   -0.40883E+00    0.29925E+02    0.14760E+01
    0.99561E+01   -0.18534E+01    0.49481E+02    0.16944E+01
    0.19544E+02   -0.18534E+01    0.29207E+02    0.14655E+01
    0.85241E+01   -0.39809E+00    0.49708E+02    0.16964E+01
    0.20976E+02   -0.39808E+00    0.60547E+02    0.17821E+01
    0.28820E+01   -0.23789E+00    0.70297E+02    0.18469E+01
    0.10627E+01   -0.27171E+00    0.91886E+02    0.19632E+01
    0.25819E+02   -0.41081E+00    0.69944E+02    0.18448E+01
    0.36816E+01   -0.41113E+00    0.77093E+02    0.18870E+01
    0.12881E+02   -0.18572E+01    0.35744E+02    0.15532E+01
    0.29207E+02   -0.43580E+00    0.10133E+03    0.20057E+01
    0.30878E+00   -0.43774E+00    0.47284E+02    0.16747E+01
    0.28437E+02   -0.27048E+00    0.17278E+03    0.22375E+01
    0.83057E+01   -0.18112E+00    0.88265E+02    0.19458E+01
    0.21194E+02   -0.18111E+00    0.12648E+03    0.21020E+01
    0.17237E+02   -0.38243E+00    0.69620E+02    0.18427E+01
    0.11294E+02   -0.16756E+01    0.20644E+02    0.13148E+01
    0.55051E+01   -0.22874E+00    0.97355E+02    0.19884E+01
    0.23995E+02   -0.22867E+00    0.78896E+02    0.18971E+01
    0.27770E+02   -0.88108E+00    0.11295E+03    0.20529E+01
    0.17293E+01   -0.88094E+00    0.15424E+02    0.11882E+01
    0.15055E+02   -0.89669E+00    0.27934E+02    0.14461E+01
    0.25483E+02   -0.10738E+00    0.70424E+02    0.18477E+01
    0.40173E+01   -0.10734E+00    0.38834E+02    0.15892E+01
    0.23538E+02   -0.89823E+00    0.38761E+02    0.15884E+01
    0.59618E+01   -0.89827E+00    0.18717E+02    0.12722E+01
    0.20489E+02   -0.89418E+00    0.36251E+02    0.15593E+01
    0.90107E+01   -0.89419E+00    0.41322E+02    0.16162E+01
    0.17580E+02   -0.66767E+00    0.27209E+02    0.14347E+01
    0.17258E+02   -0.74019E+00    0.34639E+02    0.15396E+01
    0.29734E+01   -0.89348E+00    0.29551E+02    0.14706E+01
    0.20554E+02   -0.52722E+00    0.16420E+02    0.12154E+01
    0.89465E+01   -0.52722E+00    0.53980E+02    0.17322E+01
    0.26527E+02   -0.89171E+00    0.80645E+02    0.19066E+01
    0.13520E+02   -0.33651E+00    0.51924E+02    0.17154E+01
    0.11878E+02   -0.37495E+00    0.39738E+02    0.15992E+01
    0.15508E+02   -0.22691E+00    0.13378E+03    0.21264E+01
    0.18223E+02   -0.16847E+01    0.50491E+02    0.17032E+01
    0.61944E+01   -0.37681E+00    0.63847E+02    0.18051E+01
    0.13103E+02   -0.37649E+00    0.10518E+03    0.20220E+01
    0.23306E+02   -0.37682E+00    0.84781E+02    0.19283E+01
    0.26616E+02   -0.24109E+00    0.10357E+03    0.20152E+01
    0.11441E+02   -0.71265E+00    0.30366E+02    0.14824E+01
    0.17677E+02   -0.41527E+00    0.68121E+02    0.18333E+01
    0.35350E+01   -0.72338E+00    0.36174E+02    0.15584E+01
    0.25965E+02   -0.71984E+00    0.60202E+02    0.17796E+01
    0.16923E+02   -0.83327E+00    0.41248E+02    0.16154E+01
    0.87142E+01   -0.54685E+00    0.66474E+02    0.18227E+01
    0.27302E+02   -0.56155E+00    0.11403E+03    0.20570E+01
    0.20786E+02   -0.54686E+00    0.23912E+02    0.13786E+01
    0.11044E+02   -0.48139E+00    0.32795E+02    0.15158E+01
    0.19024E+02   -0.58479E+00    0.25306E+02    0.14032E+01
    0.28252E+02   -0.27662E+00    0.12587E+03    0.20999E+01
    0.18736E+02   -0.52448E+00    0.61224E+02    0.17869E+01
    0.12482E+01   -0.27765E+00    0.78879E+02    0.18970E+01
    0.17947E+02   -0.16740E+01    0.46123E+02    0.16639E+01
    0.32606E+01   -0.63123E+00    0.20749E+02    0.13170E+01
    0.26239E+02   -0.62938E+00    0.80359E+02    0.19050E+01
    0.47119E+01   -0.16794E+01    0.39176E+02    0.15930E+01
    0.24788E+02   -0.16795E+01    0.62699E+02    0.17973E+01
    0.24817E+02   -0.26847E+00    0.81915E+02    0.19134E+01
    0.46826E+01   -0.26847E+00    0.90190E+02    0.19552E+01
    0.10259E+02   -0.16783E+01    0.50261E+02    0.17012E+01
    0.19251E+02   -0.16832E+01    0.27427E+02    0.14382E+01
    0.14142E+02   -0.62441E+00    0.46345E+02    0.16660E+01
    0.22641E+02   -0.61330E+00    0.72481E+02    0.18602E+01
    0.68592E+01   -0.61327E+00    0.28492E+02    0.14547E+01
    0.21381E+02   -0.64194E+00    0.42722E+02    0.16307E+01
    0.81190E+01   -0.64196E+00    0.23339E+02    0.13681E+01
    0.12363E+02   -0.19993E+00    0.33801E+03    0.25289E+01
    0.15411E+02   -0.82528E+00    0.28694E+02    0.14578E+01
    0.13760E+01   -0.84161E+00    0.27248E+02    0.14353E+01
    0.28122E+02   -0.83907E+00    0.10678E+03    0.20285E+01
    0.46041E+00   -0.38925E+00    0.61810E+02    0.17911E+01
    0.29048E+02   -0.38505E+00    0.10278E+03    0.20119E+01
    0.15750E+02   -0.77009E+00    0.35810E+02    0.15540E+01
    0.10480E+01   -0.77374E+00    0.54091E+02    0.17331E+01
    0.28451E+02   -0.77188E+00    0.11006E+03    0.20416E+01
    0.10924E+02   -0.58447E+00    0.23663E+02    0.13741E+01
    0.23884E+02   -0.82680E+00    0.41892E+02    0.16221E+01
    0.56157E+01   -0.82683E+00    0.26709E+02    0.14267E+01
    0.16068E+02   -0.73230E+00    0.34981E+02    0.15438E+01
    0.16373E+02   -0.68072E+00    0.36000E+02    0.15563E+01
    0.40370E+01   -0.59052E+00    0.42265E+02    0.16260E+01
    0.25463E+02   -0.59057E+00    0.64050E+02    0.18065E+01
    0.25172E+02   -0.62892E+00    0.82005E+02    0.19138E+01
    0.43282E+01   -0.62889E+00    0.20735E+02    0.13167E+01
    0.24872E+02   -0.68621E+00    0.98708E+02    0.19944E+01
    0.46286E+01   -0.68619E+00    0.22010E+02    0.13426E+01
    0.49417E+01   -0.72542E+00    0.31375E+02    0.14966E+01
    0.24558E+02   -0.72542E+00    0.89124E+02    0.19500E+01
    0.70201E+01   -0.83726E+00    0.28933E+02    0.14614E+01
    0.22480E+02   -0.83749E+00    0.58686E+02    0.17685E+01
    0.52762E+01   -0.77433E+00    0.37941E+02    0.15791E+01
    0.24224E+02   -0.77432E+00    0.61343E+02    0.17878E+01
    0.10635E+02   -0.64329E+00    0.33933E+02    0.15306E+01
    0.19164E+02   -0.68297E+00    0.21118E+02    0.13247E+01
    0.25950E+02   -0.38128E+00    0.74739E+02    0.18735E+01
    0.10344E+02   -0.68793E+00    0.64651E+02    0.18106E+01
    0.20131E+02   -0.84476E+00    0.55688E+02    0.17458E+01
    0.93691E+01   -0.84477E+00    0.35833E+02    0.15543E+01
    0.19482E+02   -0.74040E+00    0.30004E+02    0.14772E+01
    0.10031E+02   -0.72719E+00    0.24153E+02    0.13830E+01
    0.35502E+01   -0.38171E+00    0.67141E+02    0.18270E+01
    0.19801E+02   -0.78168E+00    0.56904E+02    0.17551E+01
    0.96992E+01   -0.78169E+00    0.18464E+02    0.12663E+01
    0.43817E+01   -0.12461E+01    0.73178E+02    0.18644E+01
    0.25118E+02   -0.12461E+01    0.69493E+02    0.18419E+01
    0.11233E+02   -0.28632E+00    0.31192E+02    0.14940E+01
    0.99469E+01   -0.40374E+00    0.34766E+02    0.15412E+01
    0.19537E+02   -0.41733E+00    0.12040E+03    0.20806E+01
    0.26389E+01   -0.65036E+00    0.66685E+02    0.18240E+01
    0.26864E+02   -0.64574E+00    0.93250E+02    0.19696E+01
    0.39200E+01   -0.49065E+00    0.52589E+02    0.17209E+01
    0.25580E+02   -0.49071E+00    0.64104E+02    0.18069E+01
    0.28026E+01   -0.18522E+00    0.81088E+02    0.19090E+01
    0.26697E+02   -0.18817E+00    0.87425E+02    0.19416E+01
    0.72033E+00   -0.71997E+00    0.54641E+02    0.17375E+01
    0.28779E+02   -0.71954E+00    0.10189E+03    0.20081E+01
    0.20148E+02   -0.48486E+00    0.41856E+02    0.16218E+01
    0.93517E+01   -0.48487E+00    0.49636E+02    0.16958E+01
    0.14914E+01   -0.35005E+00    0.74639E+02    0.18730E+01
    0.28009E+02   -0.35003E+00    0.10399E+03    0.20170E+01
    0.13302E+02   -0.16939E+01    0.23228E+02    0.13660E+01
    0.39767E+00   -0.69404E+00    0.41408E+02    0.16171E+01
    0.29102E+02   -0.69292E+00    0.96658E+02    0.19852E+01
    0.28859E+02   -0.19253E+00    0.17972E+03    0.22546E+01
    0.64134E+00   -0.19295E+00    0.13655E+03    0.21353E+01
    0.12574E+02   -0.17056E+01    0.47273E+02    0.16746E+01
    0.54799E+01   -0.17031E+01    0.44133E+02    0.16448E+01
    0.24020E+02   -0.17031E+01    0.47847E+02    0.16799E+01
    0.16993E+02   -0.22179E+00    0.98511E+02    0.19935E+01
    0.94905E+01   -0.17036E+01    0.34172E+02    0.15337E+01
    0.20010E+02   -0.17036E+01    0.39792E+02    0.15998E+01
    0.10186E+02   -0.20637E+00    0.10969E+03    0.20402E+01
    0.59503E+01   -0.14431E+01    0.36821E+02    0.15661E+01
    0.23550E+02   -0.14431E+01    0.34321E+02    0.15356E+01
    0.90198E+01   -0.14433E+01    0.29397E+02    0.14683E+01
    0.20480E+02   -0.14433E+01    0.55699E+02    0.17459E+01
    0.12560E+02   -0.37188E+00    0.35487E+02    0.15501E+01
    0.13263E+02   -0.14505E+01    0.24078E+02    0.13816E+01
    0.21988E+02   -0.55554E+00    0.73423E+02    0.18658E+01
    0.75118E+01   -0.55469E+00    0.39362E+02    0.15951E+01
    0.12926E+02   -0.27105E+00    0.51865E+02    0.17149E+01
    0.10368E+02   -0.18703E+00    0.12126E+03    0.20837E+01
    0.15766E+02   -0.27238E+00    0.12145E+03    0.20844E+01
    0.32708E+00   -0.13430E+01    0.36542E+02    0.15628E+01
    0.29173E+02   -0.13426E+01    0.83470E+02    0.19215E+01
    0.78095E+01   -0.60373E+00    0.22338E+02    0.13491E+01
    0.21691E+02   -0.60371E+00    0.64251E+02    0.18079E+01
    0.11020E+02   -0.34866E+00    0.67520E+02    0.18294E+01
    0.89167E+01   -0.28695E+00    0.80360E+02    0.19050E+01
    0.20583E+02   -0.28785E+00    0.89682E+02    0.19527E+01
    0.12103E+02   -0.14091E+01    0.73194E+02    0.18645E+01
    0.52664E+01   -0.42017E+00    0.65333E+02    0.18151E+01
    0.24234E+02   -0.42034E+00    0.74662E+02    0.18731E+01
    0.25554E+02   -0.34292E+00    0.71944E+02    0.18570E+01
    0.39461E+01   -0.34287E+00    0.41474E+02    0.16178E+01
    0.16136E+02   -0.19250E+00    0.10855E+03    0.20356E+01
    0.17775E+02   -0.12716E+01    0.31222E+02    0.14945E+01
    0.49812E+01   -0.13068E+01    0.54793E+02    0.17387E+01
    0.24519E+02   -0.13068E+01    0.73170E+02    0.18643E+01
    0.25763E+02   -0.28758E+00    0.79845E+02    0.19023E+01
    0.37368E+01   -0.28763E+00    0.76948E+02    0.18862E+01
    0.10562E+02   -0.24423E+00    0.48304E+02    0.16840E+01
    0.62915E+01   -0.56946E+00    0.44239E+02    0.16458E+01
    0.23208E+02   -0.56944E+00    0.75879E+02    0.18801E+01
    0.19510E+02   -0.13078E+01    0.22477E+02    0.13517E+01
    0.99901E+01   -0.13075E+01    0.51363E+02    0.17106E+01
    0.16032E+02   -0.19253E+00    0.11127E+03    0.20464E+01
    0.50180E+01   -0.39693E+00    0.51633E+02    0.17129E+01
    0.24482E+02   -0.39693E+00    0.79067E+02    0.18980E+01
    0.56022E+01   -0.28386E+00    0.84724E+02    0.19280E+01
    0.23898E+02   -0.28278E+00    0.75787E+02    0.18796E+01
    0.18920E+02   -0.12373E+01    0.34531E+02    0.15382E+01
    0.28229E+01   -0.97090E+00    0.40801E+02    0.16107E+01
    0.26677E+02   -0.96991E+00    0.84773E+02    0.19283E+01
    0.95646E+01   -0.27709E+00    0.12319E+03    0.20906E+01
    0.19936E+02   -0.27716E+00    0.50021E+02    0.16992E+01
    0.48128E+01   -0.26708E+00    0.80299E+02    0.19047E+01
    0.24687E+02   -0.26708E+00    0.75073E+02    0.18755E+01
    0.17907E+02   -0.35117E+00    0.83526E+02    0.19218E+01
    0.27701E+02   -0.20472E+00    0.12028E+03    0.20802E+01
    0.17995E+01   -0.20502E+00    0.10675E+03    0.20284E+01
    0.52470E+01   -0.28559E+00    0.86015E+02    0.19346E+01
    0.24253E+02   -0.28577E+00    0.81613E+02    0.19118E+01
    0.67261E-01   -0.64291E+00    0.48810E+02    0.16885E+01
    0.29441E+02   -0.64122E+00    0.11702E+03    0.20683E+01
    0.56799E+01   -0.20565E+00    0.97934E+02    0.19909E+01
    0.23820E+02   -0.20459E+00    0.90822E+02    0.19582E+01
    0.21549E+02   -0.95034E+00    0.33244E+02    0.15217E+01
    0.79510E+01   -0.95035E+00    0.40420E+02    0.16066E+01
    0.12912E+02   -0.85924E+00    0.34740E+02    0.15408E+01
    0.10300E+02   -0.25721E+00    0.99021E+02    0.19957E+01
    0.97337E+01   -0.28721E+00    0.14178E+03    0.21516E+01
    0.19767E+02   -0.28777E+00    0.72541E+02    0.18606E+01
    0.27606E+02   -0.25142E+00    0.12688E+03    0.21034E+01
    0.18889E+01   -0.25464E+00    0.10181E+03    0.20078E+01
    0.11534E+02   -0.58805E+00    0.23952E+02    0.13793E+01
    0.10808E+02   -0.31787E+00    0.68103E+02    0.18332E+01
    0.83166E+00   -0.39053E+00    0.16002E+03    0.22042E+01
    0.28668E+02   -0.39003E+00    0.18097E+03    0.22576E+01
    0.23415E+02   -0.12564E+01    0.34154E+02    0.15334E+01
    0.20615E+02   -0.12564E+01    0.53308E+02    0.17268E+01
    0.88854E+01   -0.12564E+01    0.38253E+02    0.15827E+01
    0.60847E+01   -0.12564E+01    0.29139E+02    0.14645E+01
    0.27620E+02   -0.12689E+01    0.95310E+02    0.19791E+01
    0.18803E+01   -0.12689E+01    0.23023E+02    0.13622E+01
    0.14908E+02   -0.12681E+01    0.40161E+02    0.16038E+01
    0.17459E+02   -0.36189E+00    0.10625E+03    0.20263E+01
    0.15993E+02   -0.40592E+00    0.43394E+02    0.16374E+01
    0.11696E+02   -0.94888E+00    0.66427E+02    0.18223E+01
    0.11401E+02   -0.38841E+00    0.19276E+02    0.12850E+01
    0.17827E+02   -0.90810E+00    0.21194E+02    0.13262E+01
    0.16950E+02   -0.13410E+01    0.34080E+02    0.15325E+01
    0.18740E+02   -0.14063E+01    0.46770E+02    0.16700E+01
    0.29460E+01   -0.60099E+00    0.35029E+02    0.15444E+01
    0.26555E+02   -0.59972E+00    0.94493E+02    0.19754E+01
    0.38669E+01   -0.18692E+01    0.26736E+02    0.14271E+01
    0.25633E+02   -0.18692E+01    0.45803E+02    0.16609E+01
    0.27506E+01   -0.40886E-01    0.77858E+02    0.18913E+01
    0.32500E+01   -0.48113E-01    0.80516E+02    0.19059E+01
    0.37515E+01   -0.55507E-01    0.58311E+02    0.17658E+01
    0.42492E+01   -0.46034E-01    0.10342E+03    0.20146E+01
    0.47490E+01   -0.56817E-01    0.12687E+03    0.21034E+01
    0.13750E+02   -0.48229E-01    0.17787E+03    0.22501E+01
    0.82506E+01   -0.40415E-01    0.17891E+03    0.22526E+01
    0.26749E+02   -0.40886E-01    0.78197E+02    0.18932E+01
    0.13250E+02   -0.48665E-01    0.10166E+03    0.20071E+01
    0.22750E+02   -0.47011E-01    0.83671E+02    0.19226E+01
    0.77601E+01   -0.58144E-01    0.17168E+03    0.22347E+01
    0.17250E+02   -0.49750E-01    0.12679E+03    0.21031E+01
    0.26250E+02   -0.48113E-01    0.12518E+03    0.20975E+01
    0.12753E+02   -0.54514E-01    0.15685E+03    0.21955E+01
    0.22250E+02   -0.48113E-01    0.82412E+02    0.19160E+01
    0.72500E+01   -0.48113E-01    0.12653E+03    0.21022E+01
    0.16750E+02   -0.47440E-01    0.16557E+03    0.22190E+01
    0.25749E+02   -0.55506E-01    0.10987E+03    0.20409E+01
    0.23653E+00   -0.64885E-01    0.48121E+02    0.16823E+01
    0.29250E+02   -0.49520E-01    0.91142E+02    0.19597E+01
    0.16916E+02   -0.52170E-01    0.16321E+03    0.22128E+01
    0.44190E+01   -0.47336E-01    0.33872E+03    0.25298E+01
    0.16583E+02   -0.48113E-01    0.19845E+03    0.22977E+01
    0.21740E+02   -0.58141E-01    0.85418E+02    0.19315E+01
    0.16416E+02   -0.49956E-01    0.18253E+03    0.22613E+01
    0.16245E+02   -0.49352E-01    0.13003E+03    0.21140E+01
    0.12250E+02   -0.48113E-01    0.23317E+03    0.23677E+01
    0.67501E+01   -0.47019E-01    0.97579E+02    0.19894E+01
    0.25251E+02   -0.46046E-01    0.63169E+02    0.18005E+01
    0.17083E+02   -0.52061E-01    0.11406E+03    0.20571E+01
    0.12417E+02   -0.48113E-01    0.52883E+03    0.27233E+01
    0.75000E+00   -0.48113E-01    0.74963E+02    0.18748E+01
    0.28750E+02   -0.48113E-01    0.26397E+03    0.24216E+01
    0.12579E+02   -0.51139E-01    0.62026E+03    0.27926E+01
    0.12917E+02   -0.49936E-01    0.17936E+03    0.22537E+01
    0.74192E+01   -0.56500E-01    0.89159E+02    0.19502E+01
    0.25081E+02   -0.47336E-01    0.81354E+02    0.19104E+01
    0.21915E+02   -0.52870E-01    0.77879E+02    0.18914E+01
    0.13083E+02   -0.48113E-01    0.65570E+02    0.18167E+01
    0.35796E+01   -0.50586E-01    0.80999E+02    0.19085E+01
    0.25920E+02   -0.50570E-01    0.10262E+03    0.20112E+01
    0.13417E+02   -0.47777E-01    0.13233E+03    0.21217E+01
    0.30830E+01   -0.48770E-01    0.58946E+02    0.17705E+01
    0.26417E+02   -0.48528E-01    0.14059E+03    0.21480E+01
    0.22081E+02   -0.56383E-01    0.11544E+03    0.20623E+01
    0.75860E+01   -0.53770E-01    0.10581E+03    0.20245E+01
    0.15918E+02   -0.49382E-01    0.16555E+03    0.22189E+01
    0.12087E+02   -0.53789E-01    0.71890E+02    0.18567E+01
    0.13583E+02   -0.48113E-01    0.10145E+03    0.20062E+01
    0.21249E+02   -0.40415E-01    0.12269E+03    0.20888E+01
    0.15751E+02   -0.51464E-01    0.12580E+03    0.20997E+01
    0.24751E+02   -0.56815E-01    0.57050E+02    0.17563E+01
    0.11917E+02   -0.48113E-01    0.10034E+03    0.20015E+01
    0.12511E+01   -0.53516E-01    0.10741E+03    0.20310E+01
    0.28249E+02   -0.53200E-01    0.10831E+03    0.20347E+01
    0.29126E+01   -0.48680E-01    0.60060E+02    0.17786E+01
    0.26588E+02   -0.48554E-01    0.98482E+02    0.19934E+01
    0.10810E+01   -0.53929E-01    0.13180E+03    0.21199E+01
    0.28419E+02   -0.53485E-01    0.15425E+03    0.21882E+01
    0.11750E+02   -0.48113E-01    0.35722E+03    0.25529E+01
    0.62500E+01   -0.48113E-01    0.91481E+02    0.19613E+01
    0.91308E+00   -0.50752E-01    0.21089E+02    0.13241E+01
    0.28587E+02   -0.50704E-01    0.29469E+03    0.24694E+01
    0.17417E+02   -0.50023E-01    0.18492E+03    0.22670E+01
    0.64167E+01   -0.49375E-01    0.97610E+02    0.19895E+01
    0.65834E+01   -0.48228E-01    0.12201E+03    0.20864E+01
    0.84146E+01   -0.48771E-01    0.12240E+03    0.20878E+01
    0.22917E+02   -0.48221E-01    0.88098E+02    0.19450E+01
    0.21085E+02   -0.48771E-01    0.78064E+02    0.18924E+01
    0.15584E+02   -0.52400E-01    0.84585E+02    0.19273E+01
    0.11583E+02   -0.49757E-01    0.58787E+03    0.27693E+01
    0.60811E+01   -0.40886E-01    0.12480E+03    0.20962E+01
    0.58390E+00   -0.40522E-01    0.10749E+03    0.20314E+01
    0.28916E+02   -0.40106E-01    0.18116E+03    0.22581E+01
    0.50795E+01   -0.53468E-01    0.98517E+02    0.19935E+01
    0.17583E+02   -0.50076E-01    0.11751E+03    0.20701E+01
    0.23083E+02   -0.49376E-01    0.96820E+02    0.19860E+01
    0.85830E+01   -0.47871E-01    0.20406E+03    0.23098E+01
    0.24421E+02   -0.53469E-01    0.96745E+02    0.19856E+01
    0.54171E+01   -0.54058E-01    0.11905E+03    0.20757E+01
    0.20917E+02   -0.47870E-01    0.14530E+03    0.21623E+01
    0.89175E+01   -0.54043E-01    0.34184E+02    0.15338E+01
    0.59129E+01   -0.59015E-01    0.11223E+03    0.20501E+01
    0.15417E+02   -0.55353E-01    0.14553E+03    0.21630E+01
    0.11415E+02   -0.50251E-01    0.83985E+03    0.29242E+01
    0.23915E+02   -0.53729E-01    0.97063E+02    0.19871E+01
    0.23419E+02   -0.40885E-01    0.84899E+02    0.19289E+01
    0.17920E+02   -0.49367E-01    0.17643E+03    0.22466E+01
    0.20416E+02   -0.52812E-01    0.38930E+03    0.25903E+01
    0.55855E+01   -0.54724E-01    0.10137E+03    0.20059E+01
    0.17750E+02   -0.48113E-01    0.86525E+02    0.19371E+01
    0.90839E+01   -0.51016E-01    0.23447E+03    0.23701E+01
    0.23250E+02   -0.48113E-01    0.88855E+02    0.19487E+01
    0.87500E+01   -0.48113E-01    0.10542E+03    0.20229E+01
    0.14250E+02   -0.47854E-01    0.18619E+03    0.22700E+01
    0.23587E+02   -0.59011E-01    0.12241E+03    0.20878E+01
    0.24083E+02   -0.54996E-01    0.89094E+02    0.19499E+01
    0.14417E+02   -0.48113E-01    0.21315E+03    0.23287E+01
    0.52501E+01   -0.54245E-01    0.10330E+03    0.20141E+01
    0.18082E+02   -0.41097E-01    0.11315E+03    0.20537E+01
    0.20582E+02   -0.54825E-01    0.31306E+03    0.24956E+01
    0.22573E+01   -0.47280E-01    0.83799E+02    0.19232E+01
    0.27243E+02   -0.46688E-01    0.77316E+02    0.18883E+01
    0.20845E+01   -0.49322E-01    0.14614E+03    0.21648E+01
    0.27415E+02   -0.48632E-01    0.10466E+03    0.20198E+01
    0.94145E+01   -0.51555E-01    0.95107E+02    0.19782E+01
    0.14583E+02   -0.48828E-01    0.71641E+02    0.18552E+01
    0.19917E+02   -0.48113E-01    0.24651E+02    0.13918E+01
    0.41765E+00   -0.50177E-01    0.76296E+02    0.18825E+01
    0.29083E+02   -0.48113E-01    0.87324E+02    0.19411E+01
    0.19120E+01   -0.49421E-01    0.17214E+03    0.22359E+01
    0.27588E+02   -0.49306E-01    0.12625E+03    0.21012E+01
    0.18917E+02   -0.50638E-01    0.49645E+02    0.16959E+01
    0.95833E+01   -0.48113E-01    0.47022E+02    0.16723E+01
    0.99156E+01   -0.54510E-01    0.16514E+03    0.22178E+01
    0.19580E+02   -0.54887E-01    0.73346E+02    0.18654E+01
    0.20085E+02   -0.51555E-01    0.42688E+02    0.16303E+01
    0.19084E+02   -0.50196E-01    0.20395E+03    0.23095E+01
    0.14750E+02   -0.48113E-01    0.16140E+03    0.22079E+01
    0.57470E+01   -0.41758E-01    0.91423E+02    0.19611E+01
    0.18250E+02   -0.48113E-01    0.94757E+02    0.19766E+01
    0.23753E+02   -0.41756E-01    0.11086E+03    0.20448E+01
    0.92500E+01   -0.47299E-01    0.13645E+03    0.21350E+01
    0.17381E+01   -0.44903E-01    0.92411E+02    0.19657E+01
    0.27762E+02   -0.44903E-01    0.11262E+03    0.20516E+01
    0.10580E+02   -0.47957E-01    0.24176E+03    0.23834E+01
    0.15248E+02   -0.55908E-01    0.11490E+03    0.20603E+01
    0.18750E+02   -0.53371E-01    0.89226E+02    0.19505E+01
    0.24250E+02   -0.54248E-01    0.99807E+02    0.19992E+01
    0.97467E+01   -0.55081E-01    0.13864E+03    0.21419E+01
    0.19255E+02   -0.48189E-01    0.73489E+02    0.18662E+01
    0.10252E+02   -0.48648E-01    0.16104E+03    0.22069E+01
    0.19753E+02   -0.55080E-01    0.54447E+02    0.17360E+01
    0.10751E+02   -0.44960E-01    0.35455E+03    0.25497E+01
    0.20250E+02   -0.47299E-01    0.15104E+03    0.21791E+01
    0.11238E+02   -0.54564E-01    0.50926E+03    0.27069E+01
    0.20750E+02   -0.48113E-01    0.20663E+03    0.23152E+01
    0.19791E+02   -0.42513E+00    0.10328E+03    0.20140E+01
    0.97098E+01   -0.42457E+00    0.77812E+02    0.18910E+01
    0.16083E+02   -0.40313E-01    0.12160E+03    0.20849E+01
    0.26914E+02   -0.47517E-01    0.67027E+02    0.18263E+01
    0.25861E+01   -0.47685E-01    0.60403E+02    0.17811E+01
    0.13982E+02   -0.94319E+00    0.47098E+02    0.16730E+01
    0.11132E+02   -0.81160E+00    0.32939E+02    0.15177E+01
    0.16599E+02   -0.92708E+00    0.39823E+02    0.16001E+01
    0.38421E+01   -0.81756E+00    0.69689E+02    0.18432E+01
    0.25658E+02   -0.81558E+00    0.54596E+02    0.17372E+01
    0.90953E+01   -0.26956E+00    0.45284E+02    0.16559E+01
    0.20404E+02   -0.27171E+00    0.76586E+02    0.18841E+01
    0.34589E+01   -0.89425E+00    0.30862E+02    0.14894E+01
    0.26083E+02   -0.39691E-01    0.10064E+03    0.20028E+01
    0.34167E+01   -0.39711E-01    0.13996E+03    0.21460E+01
    0.18816E+02   -0.78772E+00    0.37523E+02    0.15743E+01
    0.14312E+02   -0.92384E+00    0.71219E+02    0.18526E+01
    0.60236E+01   -0.19828E+00    0.10435E+03    0.20185E+01
    0.23476E+02   -0.19827E+00    0.92995E+02    0.19685E+01
    0.24583E+02   -0.41279E-01    0.51738E+02    0.17138E+01
    0.49170E+01   -0.41279E-01    0.12342E+03    0.20914E+01
    0.12111E+02   -0.28030E+00    0.44122E+02    0.16447E+01
    0.19124E+02   -0.36883E+00    0.23586E+02    0.13727E+01
    0.10104E+02   -0.25903E+00    0.70338E+02    0.18472E+01
    0.12298E+02   -0.25678E+00    0.15385E+03    0.21871E+01
    0.18581E+02   -0.53030E-01    0.84343E+02    0.19261E+01
    0.18501E+02   -0.13011E+01    0.51277E+02    0.17099E+01
    0.15424E+02   -0.28579E+00    0.10655E+03    0.20275E+01
    0.13298E+02   -0.88444E+00    0.42091E+02    0.16242E+01
    0.71815E+01   -0.70974E+00    0.27823E+02    0.14444E+01
    0.22319E+02   -0.71068E+00    0.60086E+02    0.17788E+01
    0.19417E+02   -0.46086E-01    0.48928E+02    0.16896E+01
    0.10085E+02   -0.48383E-01    0.16804E+03    0.22254E+01
    0.14665E+02   -0.21258E+00    0.12557E+03    0.20989E+01
    0.18389E+02   -0.38552E+00    0.45629E+02    0.16592E+01
    0.10417E+02   -0.39165E-01    0.14405E+03    0.21585E+01
    0.26536E+01   -0.85083E+00    0.54545E+02    0.17368E+01
    0.26847E+02   -0.85210E+00    0.93268E+02    0.19697E+01
    0.28794E+02   -0.25496E+00    0.19174E+03    0.22827E+01
    0.70558E+00   -0.25498E+00    0.14769E+03    0.21694E+01
    0.29417E+02   -0.48113E-01    0.11380E+03    0.20562E+01
    0.21391E+02   -0.84032E+00    0.30688E+02    0.14870E+01
    0.81094E+01   -0.84033E+00    0.39782E+02    0.15997E+01
    0.22639E+02   -0.79400E+00    0.64534E+02    0.18098E+01
    0.64576E+01   -0.36378E+00    0.11067E+03    0.20440E+01
    0.68606E+01   -0.79396E+00    0.27470E+02    0.14389E+01
    0.12724E+02   -0.82612E+00    0.35537E+02    0.15507E+01
    0.23042E+02   -0.36377E+00    0.94708E+02    0.19764E+01
    0.32787E+01   -0.88732E+00    0.24137E+02    0.13827E+01
    0.73757E-01   -0.44761E-01    0.56051E+02    0.17486E+01
    0.18217E+02   -0.97658E+00    0.30113E+02    0.14788E+01
    0.15079E+02   -0.51210E-01    0.21203E+03    0.23264E+01
    0.70694E+01   -0.97340E+00    0.36845E+02    0.15664E+01
    0.22431E+02   -0.97353E+00    0.50042E+02    0.16993E+01
    0.12189E+02   -0.20687E+00    0.91429E+02    0.19611E+01
    0.13918E+02   -0.44818E-01    0.25932E+03    0.24138E+01
    0.16483E+02   -0.58189E+00    0.37970E+02    0.15794E+01
    0.22167E+02   -0.21501E+00    0.87875E+02    0.19439E+01
    0.17635E+02   -0.85924E+00    0.21171E+02    0.13257E+01
    0.26041E+02   -0.89032E+00    0.59839E+02    0.17770E+01
    0.86060E+01   -0.32888E+00    0.86565E+02    0.19373E+01
    0.20894E+02   -0.32890E+00    0.81559E+02    0.19115E+01
    0.11501E+02   -0.90364E+00    0.51296E+02    0.17101E+01
    0.54183E+01   -0.28209E+00    0.88726E+02    0.19481E+01
    0.24081E+02   -0.28320E+00    0.75534E+02    0.18781E+01
    0.13006E+02   -0.10587E+01    0.34335E+02    0.15357E+01
    0.24525E+02   -0.19086E+00    0.69696E+02    0.18432E+01
    0.49750E+01   -0.19086E+00    0.96780E+02    0.19858E+01
    0.16416E+02   -0.86531E+00    0.39040E+02    0.15915E+01
    0.24908E+02   -0.86338E+00    0.92950E+02    0.19682E+01
    0.45923E+01   -0.86335E+00    0.37511E+02    0.15742E+01
    0.40123E+01   -0.75576E+00    0.63566E+02    0.18032E+01
    0.25488E+02   -0.75582E+00    0.59775E+02    0.17765E+01
    0.10960E+02   -0.75425E+00    0.32244E+02    0.15084E+01
    0.70949E+01   -0.32175E+00    0.81427E+02    0.19108E+01
    0.24261E+02   -0.98649E+00    0.62854E+02    0.17983E+01
    0.52391E+01   -0.98650E+00    0.42559E+02    0.16290E+01
    0.19113E+02   -0.86085E+00    0.20611E+02    0.13141E+01
    0.22408E+02   -0.32298E+00    0.68177E+02    0.18336E+01
    0.10375E+02   -0.86380E+00    0.87736E+02    0.19432E+01
    0.19765E+02   -0.99107E+00    0.38469E+02    0.15851E+01
    0.97347E+01   -0.99107E+00    0.25930E+02    0.14138E+01
    0.45811E+01   -0.40331E-01    0.16152E+03    0.22082E+01
    0.24919E+02   -0.40331E-01    0.70887E+02    0.18506E+01
    0.10473E+02   -0.18634E+00    0.10030E+03    0.20013E+01
    0.22009E+02   -0.73179E+00    0.58651E+02    0.17683E+01
    0.74912E+01   -0.73110E+00    0.31107E+02    0.14929E+01
    0.11760E+02   -0.11962E+01    0.73036E+02    0.18635E+01
    0.36313E+00   -0.87420E+00    0.36650E+02    0.15641E+01
    0.29136E+02   -0.87280E+00    0.92770E+02    0.19674E+01
    0.10573E+02   -0.36036E+00    0.22228E+02    0.13469E+01
    0.13567E+02   -0.71269E+00    0.37538E+02    0.15745E+01
    0.12311E+02   -0.39099E+00    0.70102E+02    0.18457E+01
    0.13800E+02   -0.34079E+00    0.57448E+02    0.17593E+01
    0.26221E+02   -0.88474E+00    0.69075E+02    0.18393E+01
    0.21778E+01   -0.20980E+00    0.10430E+03    0.20183E+01
    0.80882E+01   -0.46846E-01    0.66220E+03    0.28210E+01
    0.21412E+02   -0.46845E-01    0.19554E+03    0.22912E+01
    0.18844E+02   -0.10481E+01    0.37556E+02    0.15747E+01
    0.38053E+01   -0.10044E+01    0.62717E+02    0.17974E+01
    0.25695E+02   -0.10025E+01    0.53185E+02    0.17258E+01
    0.16655E+02   -0.11147E+01    0.37390E+02    0.15728E+01
    0.25091E+02   -0.33938E+00    0.86320E+02    0.19361E+01
    0.44089E+01   -0.33936E+00    0.23814E+02    0.13768E+01
    0.16557E+02   -0.18960E+01    0.23147E+02    0.13645E+01
    0.24764E+01   -0.95827E+00    0.47570E+02    0.16773E+01
    0.27024E+02   -0.96019E+00    0.10030E+03    0.20013E+01
    0.25532E+02   -0.11158E+01    0.55217E+02    0.17421E+01
    0.39683E+01   -0.11158E+01    0.70232E+02    0.18465E+01
    0.16581E+02   -0.36367E+00    0.60793E+02    0.17839E+01
    0.22809E+02   -0.92785E+00    0.57298E+02    0.17581E+01
    0.21226E+02   -0.95692E+00    0.24820E+02    0.13948E+01
    0.82739E+01   -0.95693E+00    0.56364E+02    0.17510E+01
    0.66905E+01   -0.92791E+00    0.31845E+02    0.15030E+01
    0.28689E+02   -0.20136E+00    0.23726E+03    0.23752E+01
    0.81122E+00   -0.20141E+00    0.11019E+03    0.20421E+01
    0.13209E+02   -0.10664E+01    0.31473E+02    0.14979E+01
    0.25413E+02   -0.41121E-01    0.55605E+02    0.17451E+01
    0.40870E+01   -0.41096E-01    0.55509E+02    0.17444E+01
    0.98168E+01   -0.14286E+01    0.46415E+02    0.16667E+01
    0.19683E+02   -0.14286E+01    0.28610E+02    0.14565E+01
    0.51549E+01   -0.14278E+01    0.51846E+02    0.17147E+01
    0.24345E+02   -0.14278E+01    0.62134E+02    0.17933E+01
    0.24852E+02   -0.38580E+00    0.91170E+02    0.19599E+01
    0.46480E+01   -0.38580E+00    0.37436E+02    0.15733E+01
    0.68973E+01   -0.32740E+00    0.61710E+02    0.17904E+01
    0.22603E+02   -0.32744E+00    0.73181E+02    0.18644E+01
    0.35974E+01   -0.10417E+01    0.39188E+02    0.15932E+01
    0.43348E+01   -0.93370E-01    0.13808E+03    0.21401E+01
    0.16832E+02   -0.99610E-01    0.16326E+03    0.22129E+01
    0.16667E+02   -0.95553E-01    0.16969E+03    0.22297E+01
    0.17166E+02   -0.10181E+00    0.10391E+03    0.20167E+01
    0.12666E+02   -0.10565E+00    0.17466E+03    0.22422E+01
    0.12837E+02   -0.10445E+00    0.97682E+02    0.19898E+01
    0.16499E+02   -0.98069E-01    0.19611E+03    0.22925E+01
    0.16998E+02   -0.10423E+00    0.13081E+03    0.21166E+01
    0.16328E+02   -0.99308E-01    0.15203E+03    0.21819E+01
    0.12333E+02   -0.96225E-01    0.42733E+03    0.26308E+01
    0.73358E+01   -0.10461E+00    0.11639E+03    0.20659E+01
    0.12496E+02   -0.99251E-01    0.58924E+03    0.27703E+01
    0.13167E+02   -0.96778E-01    0.92257E+02    0.19650E+01
    0.36644E+01   -0.10609E+00    0.75392E+02    0.18773E+01
    0.13333E+02   -0.96442E-01    0.10839E+03    0.20350E+01
    0.25836E+02   -0.10608E+00    0.10076E+03    0.20033E+01
    0.21821E+02   -0.11101E+00    0.81424E+02    0.19108E+01
    0.25165E+02   -0.93382E-01    0.73144E+02    0.18642E+01
    0.31663E+01   -0.96883E-01    0.56437E+02    0.17516E+01
    0.26334E+02   -0.96641E-01    0.13371E+03    0.21262E+01
    0.13000E+02   -0.98049E-01    0.10646E+03    0.20272E+01
    0.22165E+02   -0.10450E+00    0.95207E+02    0.19787E+01
    0.76795E+01   -0.11191E+00    0.12104E+03    0.20829E+01
    0.13667E+02   -0.96342E-01    0.14659E+03    0.21661E+01
    0.75052E+01   -0.11027E+00    0.97380E+02    0.19885E+01
    0.21996E+02   -0.10925E+00    0.99526E+02    0.19979E+01
    0.12171E+02   -0.10190E+00    0.11674E+03    0.20672E+01
    0.28298E+01   -0.89565E-01    0.75334E+02    0.18770E+01
    0.26670E+02   -0.89439E-01    0.87313E+02    0.19411E+01
    0.13500E+02   -0.95889E-01    0.10941E+03    0.20391E+01
    0.17333E+02   -0.99774E-01    0.15208E+03    0.21821E+01
    0.82975E+00   -0.98865E-01    0.56266E+02    0.17502E+01
    0.28670E+02   -0.98817E-01    0.27657E+03    0.24418E+01
    0.15836E+02   -0.10085E+00    0.14103E+03    0.21493E+01
    0.29956E+01   -0.97450E-01    0.55212E+02    0.17420E+01
    0.26505E+02   -0.97082E-01    0.12168E+03    0.20852E+01
    0.12004E+02   -0.10190E+00    0.68625E+02    0.18365E+01
    0.66668E+01   -0.95248E-01    0.10523E+03    0.20222E+01
    0.83318E+01   -0.89187E-01    0.12621E+03    0.21011E+01
    0.22833E+02   -0.95231E-01    0.86032E+02    0.19347E+01
    0.11833E+02   -0.96225E-01    0.22616E+03    0.23544E+01
    0.11654E+01   -0.10744E+00    0.90944E+02    0.19588E+01
    0.28335E+02   -0.10669E+00    0.13177E+03    0.21198E+01
    0.99405E+00   -0.10468E+00    0.52665E+02    0.17215E+01
    0.28506E+02   -0.10419E+00    0.22496E+03    0.23521E+01
    0.63333E+01   -0.97487E-01    0.98242E+02    0.19923E+01
    0.65000E+01   -0.97603E-01    0.11780E+03    0.20711E+01
    0.21168E+02   -0.89186E-01    0.10364E+03    0.20155E+01
    0.66724E+00   -0.88634E-01    0.10997E+03    0.20413E+01
    0.28833E+02   -0.88219E-01    0.21118E+03    0.23246E+01
    0.11587E+01   -0.21315E+00    0.81744E+02    0.19125E+01
    0.15669E+02   -0.10386E+00    0.12022E+03    0.20800E+01
    0.11667E+02   -0.97869E-01    0.64252E+03    0.28079E+01
    0.61645E+01   -0.88999E-01    0.10085E+03    0.20037E+01
    0.17500E+02   -0.10010E+00    0.16468E+03    0.22166E+01
    0.18412E+02   -0.52066E-01    0.10333E+03    0.20142E+01
    0.84976E+01   -0.96642E-01    0.15305E+03    0.21848E+01
    0.23000E+02   -0.97597E-01    0.93908E+02    0.19727E+01
    0.32084E+00   -0.11506E+00    0.54370E+02    0.17354E+01
    0.29167E+02   -0.97632E-01    0.87656E+02    0.19428E+01
    0.21002E+02   -0.96641E-01    0.10174E+03    0.20075E+01
    0.15502E+02   -0.10775E+00    0.11408E+03    0.20572E+01
    0.11499E+02   -0.10001E+00    0.61862E+03    0.27914E+01
    0.59940E+01   -0.99902E-01    0.12960E+03    0.21126E+01
    0.17667E+02   -0.98188E-01    0.86355E+02    0.19363E+01
    0.51629E+01   -0.10771E+00    0.10274E+03    0.20117E+01
    0.23167E+02   -0.97489E-01    0.94012E+02    0.19732E+01
    0.86663E+01   -0.95983E-01    0.16359E+03    0.22138E+01
    0.50155E+00   -0.90699E-01    0.10328E+03    0.20140E+01
    0.29000E+02   -0.88219E-01    0.12674E+03    0.21029E+01
    0.55026E+01   -0.10878E+00    0.11635E+03    0.20658E+01
    0.53338E+01   -0.10830E+00    0.11288E+03    0.20526E+01
    0.90014E+01   -0.10506E+00    0.90173E+02    0.19551E+01
    0.88342E+01   -0.10216E+00    0.70517E+02    0.18483E+01
    0.23336E+02   -0.88997E-01    0.86720E+02    0.19381E+01
    0.23997E+02   -0.10872E+00    0.87619E+02    0.19426E+01
    0.17837E+02   -0.97480E-01    0.94484E+02    0.19754E+01
    0.23506E+02   -0.99896E-01    0.99616E+02    0.19983E+01
    0.18002E+02   -0.90465E-01    0.15770E+03    0.21978E+01
    0.24337E+02   -0.10772E+00    0.96626E+02    0.19851E+01
    0.20498E+02   -0.10764E+00    0.34358E+03    0.25360E+01
    0.20834E+02   -0.95982E-01    0.17310E+03    0.22383E+01
    0.58265E+01   -0.10077E+00    0.10643E+03    0.20271E+01
    0.23834E+02   -0.95485E-01    0.10061E+03    0.20026E+01
    0.15332E+02   -0.11126E+00    0.10457E+03    0.20194E+01
    0.14334E+02   -0.95967E-01    0.12330E+03    0.20910E+01
    0.11320E+02   -0.10482E+00    0.26712E+03    0.24267E+01
    0.20332E+02   -0.10011E+00    0.21396E+03    0.23303E+01
    0.14500E+02   -0.96941E-01    0.10764E+03    0.20320E+01
    0.21752E+01   -0.96603E-01    0.11446E+03    0.20587E+01
    0.27325E+02   -0.95320E-01    0.91951E+02    0.19636E+01
    0.56658E+01   -0.96481E-01    0.98769E+02    0.19946E+01
    0.91672E+01   -0.98315E-01    0.11679E+03    0.20674E+01
    0.23673E+02   -0.10077E+00    0.11119E+03    0.20460E+01
    0.18166E+02   -0.89210E-01    0.12794E+03    0.21070E+01
    0.19966E+01   -0.98743E-01    0.17437E+03    0.22415E+01
    0.27503E+02   -0.97937E-01    0.12177E+03    0.20855E+01
    0.24166E+02   -0.10924E+00    0.91410E+02    0.19610E+01
    0.94979E+01   -0.99667E-01    0.53709E+02    0.17300E+01
    0.20666E+02   -0.10294E+00    0.24618E+03    0.23913E+01
    0.14667E+02   -0.96941E-01    0.12831E+03    0.21082E+01
    0.20002E+02   -0.99668E-01    0.25943E+02    0.14140E+01
    0.93312E+01   -0.98854E-01    0.72470E+02    0.18602E+01
    0.19001E+02   -0.10083E+00    0.10766E+03    0.20321E+01
    0.18168E+01   -0.94324E-01    0.12310E+03    0.20903E+01
    0.27683E+02   -0.94208E-01    0.12047E+03    0.20809E+01
    0.19837E+02   -0.10319E+00    0.31682E+02    0.15008E+01
    0.18834E+02   -0.10401E+00    0.10563E+03    0.20238E+01
    0.96634E+01   -0.10319E+00    0.11274E+03    0.20521E+01
    0.98289E+01   -0.10959E+00    0.17501E+03    0.22431E+01
    0.19666E+02   -0.10997E+00    0.60222E+02    0.17798E+01
    0.20169E+02   -0.98854E-01    0.85026E+02    0.19296E+01
    0.19172E+02   -0.98384E-01    0.73985E+02    0.18691E+01
    0.10664E+02   -0.92917E-01    0.22522E+03    0.23526E+01
    0.16162E+02   -0.89666E-01    0.12315E+03    0.20904E+01
    0.16002E+02   -0.89695E-01    0.14373E+03    0.21575E+01
    0.26700E+01   -0.88571E-01    0.73559E+02    0.18666E+01
    0.26830E+02   -0.88402E-01    0.72380E+02    0.18596E+01
    0.18519E+02   -0.11023E+01    0.47677E+02    0.16783E+01
    0.26167E+02   -0.87803E-01    0.10971E+03    0.20402E+01
    0.26004E+02   -0.90261E-01    0.96489E+02    0.19845E+01
    0.33334E+01   -0.87824E-01    0.10006E+03    0.20002E+01
    0.34963E+01   -0.90297E-01    0.11852E+03    0.20738E+01
    0.70828E+01   -0.43024E-01    0.15935E+03    0.22024E+01
    0.22417E+02   -0.43022E-01    0.66169E+02    0.18207E+01
    0.96573E+01   -0.21073E+00    0.14931E+03    0.21741E+01
    0.19843E+02   -0.21080E+00    0.42774E+02    0.16312E+01
    0.48327E+01   -0.98096E-01    0.11938E+03    0.20769E+01
    0.24667E+02   -0.98094E-01    0.55190E+02    0.17419E+01
    0.49965E+01   -0.94747E-01    0.11465E+03    0.20594E+01
    0.24504E+02   -0.94748E-01    0.69083E+02    0.18394E+01
    0.25563E+02   -0.13391E+01    0.53092E+02    0.17250E+01
    0.39373E+01   -0.13390E+01    0.55580E+02    0.17449E+01
    0.18665E+02   -0.10640E+00    0.13614E+03    0.21340E+01
    0.14120E+02   -0.32992E+00    0.41819E+02    0.16214E+01
    0.13918E+02   -0.32222E+00    0.67096E+02    0.18267E+01
    0.16906E+02   -0.25915E+00    0.97393E+02    0.19885E+01
    0.19496E+02   -0.10097E+00    0.56795E+02    0.17543E+01
    0.10000E+02   -0.10289E+00    0.15365E+03    0.21865E+01
    0.19338E+02   -0.94274E-01    0.55156E+02    0.17416E+01
    0.10170E+02   -0.97031E-01    0.15295E+03    0.21846E+01
    0.10497E+02   -0.87122E-01    0.16421E+03    0.22154E+01
    0.10336E+02   -0.87813E-01    0.15188E+03    0.21815E+01
    0.24213E+01   -0.38290E-01    0.52120E+02    0.17170E+01
    0.27079E+02   -0.37936E-01    0.62164E+02    0.17935E+01
    0.17078E+02   -0.26657E+00    0.74230E+02    0.18706E+01
    0.25903E+02   -0.10391E+01    0.54402E+02    0.17356E+01
    0.44361E+01   -0.23428E+00    0.59578E+02    0.17751E+01
    0.15160E+02   -0.10712E+00    0.11710E+03    0.20686E+01
    0.13835E+02   -0.93047E-01    0.25448E+03    0.24057E+01
    0.28843E+01   -0.33349E+00    0.63923E+02    0.18057E+01
    0.25064E+02   -0.23429E+00    0.83307E+02    0.19207E+01
    0.13481E+02   -0.87195E+00    0.35539E+02    0.15507E+01
    0.28617E+02   -0.26492E+00    0.21628E+03    0.23350E+01
    0.88294E+00   -0.26537E+00    0.12771E+03    0.21062E+01
    0.69166E+01   -0.44340E-01    0.12623E+03    0.21012E+01
    0.12412E+02   -0.94373E+00    0.75705E+02    0.18791E+01
    0.22583E+02   -0.44342E-01    0.78072E+02    0.18925E+01
    0.46634E+01   -0.97149E-01    0.15619E+03    0.21936E+01
    0.45001E+01   -0.87667E-01    0.26511E+03    0.24234E+01
    0.18298E+02   -0.14093E+01    0.51096E+02    0.17084E+01
    0.25000E+02   -0.87668E-01    0.79741E+02    0.19017E+01
    0.24837E+02   -0.97146E-01    0.67247E+02    0.18277E+01
    0.18793E+02   -0.39010E+00    0.95529E+02    0.19801E+01
    0.67894E+01   -0.33391E+00    0.67407E+02    0.18287E+01
    0.22711E+02   -0.33387E+00    0.80112E+02    0.19037E+01
    0.81721E+01   -0.87261E-01    0.28032E+03    0.24476E+01
    0.21328E+02   -0.87260E-01    0.16406E+03    0.22150E+01
    0.93962E+01   -0.26458E+00    0.43850E+02    0.16420E+01
    0.20104E+02   -0.26463E+00    0.52937E+02    0.17238E+01
    0.11170E+02   -0.99625E+00    0.42211E+02    0.16254E+01
    0.16499E+02   -0.20339E+00    0.13422E+03    0.21278E+01
    0.17334E+02   -0.20528E+00    0.13310E+03    0.21242E+01
    0.13169E+02   -0.20068E+00    0.11127E+03    0.20464E+01
    0.73326E+01   -0.21217E+00    0.13197E+03    0.21205E+01
    0.17304E+02   -0.94809E+00    0.30661E+02    0.14866E+01
    0.13666E+02   -0.20503E+00    0.11958E+03    0.20776E+01
    0.28341E+02   -0.21201E+00    0.14146E+03    0.21506E+01
    0.63316E+01   -0.21065E+00    0.10833E+03    0.20347E+01
    0.17668E+02   -0.19981E+00    0.86046E+02    0.19347E+01
    0.11499E+02   -0.20537E+00    0.20459E+03    0.23109E+01
    0.23168E+02   -0.21066E+00    0.95306E+02    0.19791E+01
    0.27325E+02   -0.20070E+00    0.97381E+02    0.19885E+01
    0.19001E+02   -0.20622E+00    0.70781E+02    0.18499E+01
    0.83901E+01   -0.34699E+00    0.27673E+02    0.14421E+01
    0.21110E+02   -0.34698E+00    0.83230E+02    0.19203E+01
    0.25331E+02   -0.87167E-01    0.59101E+02    0.17716E+01
    0.41694E+01   -0.87130E-01    0.59809E+02    0.17768E+01
    0.27461E+02   -0.33740E+00    0.12390E+03    0.20931E+01
    0.29167E+02   -0.20299E+00    0.93201E+02    0.19694E+01
    0.32887E+00   -0.22458E+00    0.53727E+02    0.17302E+01
    0.16674E+02   -0.39585E+00    0.52812E+02    0.17227E+01
    0.14825E+02   -0.18811E+00    0.20758E+03    0.23172E+01
    0.31632E+01   -0.21308E+00    0.40949E+02    0.16122E+01
    0.26337E+02   -0.21255E+00    0.12529E+03    0.20979E+01
    0.18328E+02   -0.10018E+00    0.88481E+02    0.19468E+01
    0.71661E+01   -0.91136E-01    0.14824E+03    0.21710E+01
    0.22334E+02   -0.91135E-01    0.71526E+02    0.18545E+01
    0.14882E+02   -0.33270E+00    0.95828E+02    0.19815E+01
    0.29333E+02   -0.97632E-01    0.10265E+03    0.20114E+01
    0.43017E+01   -0.78499E+00    0.41580E+02    0.16189E+01
    0.25198E+02   -0.78503E+00    0.76305E+02    0.18826E+01
    0.16104E+02   -0.90726E+00    0.37713E+02    0.15765E+01
    0.24601E+02   -0.93337E+00    0.88585E+02    0.19474E+01
    0.48993E+01   -0.93336E+00    0.40971E+02    0.16125E+01
    0.16155E+02   -0.12978E+01    0.32957E+02    0.15179E+01
    0.15787E+02   -0.95077E+00    0.35450E+02    0.15496E+01
    0.10104E+01   -0.95613E+00    0.34245E+02    0.15346E+01
    0.28488E+02   -0.95449E+00    0.94529E+02    0.19756E+01
    0.23919E+02   -0.10374E+01    0.41960E+02    0.16228E+01
    0.55806E+01   -0.10374E+01    0.32217E+02    0.15081E+01
    0.10673E+02   -0.78921E+00    0.51153E+02    0.17089E+01
    0.15975E+02   -0.12224E+01    0.35360E+02    0.15485E+01
    0.19430E+02   -0.93712E+00    0.19893E+02    0.12987E+01
    0.10072E+02   -0.93494E+00    0.40936E+02    0.16121E+01
    0.11963E+02   -0.12279E+01    0.90974E+02    0.19589E+01
    0.20108E+02   -0.10400E+01    0.59303E+02    0.17731E+01
    0.93923E+01   -0.10400E+01    0.35441E+02    0.15495E+01
    0.14362E+00   -0.10965E+00    0.51486E+02    0.17117E+01
    0.23453E+01   -0.85570E-01    0.63883E+02    0.18054E+01
    0.27155E+02   -0.84624E-01    0.68488E+02    0.18356E+01
    0.26614E+02   -0.33650E+00    0.10231E+03    0.20099E+01
    0.68333E+01   -0.91359E-01    0.99984E+02    0.19999E+01
    0.22667E+02   -0.91353E-01    0.80239E+02    0.19044E+01
    0.11356E+02   -0.10569E+01    0.46916E+02    0.16713E+01
    0.25074E+01   -0.85975E-01    0.51667E+02    0.17132E+01
    0.26993E+02   -0.85452E-01    0.63007E+02    0.17994E+01
    0.28794E+02   -0.38266E+00    0.16111E+03    0.22071E+01
    0.70626E+00   -0.38277E+00    0.13959E+03    0.21449E+01
    0.79248E+01   -0.39409E-01    0.46982E+03    0.26719E+01
    0.21575E+02   -0.39408E-01    0.14048E+03    0.21476E+01
    0.85217E+00   -0.12301E+01    0.26705E+02    0.14266E+01
    0.28648E+02   -0.12299E+01    0.79526E+02    0.19005E+01
    0.18907E+02   -0.37217E+00    0.62786E+02    0.17979E+01
    0.15597E+02   -0.27670E+00    0.14512E+03    0.21617E+01
    0.15333E+02   -0.22254E+00    0.92322E+02    0.19653E+01
    0.10919E+02   -0.41138E-01    0.81819E+03    0.29129E+01
    0.78516E+01   -0.97554E-01    0.28928E+03    0.24613E+01
    0.21648E+02   -0.97549E-01    0.11439E+03    0.20584E+01
    0.13367E+01   -0.96703E-01    0.78326E+02    0.18939E+01
    0.28163E+02   -0.96333E-01    0.98728E+02    0.19944E+01
    0.10837E+02   -0.86098E-01    0.52897E+03    0.27234E+01
    0.14168E+02   -0.91571E-01    0.17826E+03    0.22510E+01
    0.14831E+02   -0.92691E-01    0.22856E+03    0.23590E+01
    0.14085E+02   -0.43716E-01    0.42054E+03    0.26238E+01
    0.68890E+00   -0.90920E+00    0.36946E+02    0.15676E+01
    0.28811E+02   -0.90885E+00    0.89859E+02    0.19536E+01
    0.14190E+01   -0.43187E-01    0.86382E+02    0.19364E+01
    0.28081E+02   -0.43132E-01    0.90752E+02    0.19579E+01
    0.25367E+02   -0.10234E+01    0.63206E+02    0.18008E+01
    0.41329E+01   -0.10234E+01    0.76326E+02    0.18827E+01
    0.27847E+02   -0.79745E-01    0.10457E+03    0.20194E+01
    0.16526E+01   -0.79753E-01    0.69900E+02    0.18445E+01
    0.72741E+01   -0.95224E+00    0.37156E+02    0.15700E+01
    0.22226E+02   -0.95241E+00    0.48500E+02    0.16857E+01
    0.64062E+01   -0.43752E+00    0.77665E+02    0.18902E+01
    0.18493E+02   -0.10510E+00    0.10251E+03    0.20108E+01
    0.11153E+02   -0.89972E-01    0.60964E+03    0.27851E+01
    0.23094E+02   -0.43752E+00    0.88753E+02    0.19482E+01
    0.14914E+02   -0.44579E-01    0.22788E+03    0.23577E+01
    0.69631E+00   -0.13349E+01    0.29120E+02    0.14642E+01
    0.28804E+02   -0.13348E+01    0.75367E+02    0.18772E+01
    0.16843E+02   -0.11558E+01    0.37206E+02    0.15706E+01
    0.27919E+02   -0.34842E-01    0.99524E+02    0.19979E+01
    0.15812E+01   -0.34850E-01    0.50519E+02    0.17035E+01
    0.25955E+02   -0.25312E+00    0.82631E+02    0.19171E+01
    0.18396E+02   -0.97756E+00    0.38527E+02    0.15858E+01
    0.18092E+02   -0.11197E+01    0.31114E+02    0.14930E+01
    0.35447E+01   -0.25329E+00    0.88236E+02    0.19456E+01
    0.14172E+02   -0.18359E+00    0.77509E+02    0.18894E+01
    0.10324E+02   -0.38349E+00    0.57414E+02    0.17590E+01
    0.13019E+02   -0.14817E+01    0.29423E+02    0.14687E+01
    0.16920E+01   -0.10970E+01    0.17047E+02    0.12316E+01
    0.27807E+02   -0.10956E+01    0.10045E+03    0.20019E+01
    0.15094E+02   -0.10946E+01    0.32548E+02    0.15125E+01
    0.12601E+02   -0.99224E+00    0.57833E+02    0.17622E+01
    0.11082E+02   -0.35408E-01    0.12620E+04    0.31011E+01
    0.18941E+02   -0.90112E+00    0.30113E+02    0.14788E+01
    0.22257E+02   -0.24687E+00    0.75229E+02    0.18764E+01
    0.14333E+02   -0.19677E+00    0.56345E+02    0.17509E+01
    0.14993E+02   -0.95789E-01    0.23792E+03    0.23764E+01
    0.31922E+01   -0.74469E+00    0.21979E+02    0.13420E+01
    0.26308E+02   -0.74247E+00    0.78087E+02    0.18926E+01
    0.14003E+02   -0.88534E-01    0.33884E+03    0.25300E+01
    0.20411E+01   -0.35769E+00    0.67379E+02    0.18285E+01
    0.19464E+02   -0.20405E+00    0.75123E+02    0.18758E+01
    0.10004E+02   -0.20420E+00    0.90008E+02    0.19543E+01
    0.25441E+02   -0.30376E+00    0.69066E+02    0.18393E+01
    0.40594E+01   -0.30370E+00    0.23278E+02    0.13669E+01
    0.25078E+02   -0.90720E+00    0.80991E+02    0.19084E+01
    0.44220E+01   -0.90716E+00    0.50538E+02    0.17036E+01
    0.17496E+02   -0.10080E+01    0.24998E+02    0.13979E+01
    0.24460E+02   -0.10696E+01    0.76555E+02    0.18840E+01
    0.50404E+01   -0.10696E+01    0.48205E+02    0.16831E+01
    0.10549E+02   -0.90874E+00    0.76692E+02    0.18848E+01
    0.96058E+01   -0.13236E+01    0.38124E+02    0.15812E+01
    0.19894E+02   -0.13235E+01    0.39138E+02    0.15926E+01
    0.19569E+02   -0.10720E+01    0.22302E+02    0.13483E+01
    0.99311E+01   -0.10717E+01    0.38269E+02    0.15828E+01
    0.24167E+02   -0.21750E+00    0.83230E+02    0.19203E+01
    0.12096E+02   -0.10319E+01    0.94359E+02    0.19748E+01
    0.53324E+01   -0.21638E+00    0.98758E+02    0.19946E+01
    0.80130E+01   -0.86256E-01    0.68073E+03    0.28330E+01
    0.21487E+02   -0.86253E-01    0.19027E+03    0.22794E+01
    0.53656E+01   -0.13219E+01    0.47283E+02    0.16747E+01
    0.24134E+02   -0.13219E+01    0.53217E+02    0.17261E+01
    0.41401E+01   -0.85025E+00    0.63655E+02    0.18038E+01
    0.25360E+02   -0.85030E+00    0.65657E+02    0.18173E+01
    0.16281E+02   -0.97887E+00    0.38762E+02    0.15884E+01
    0.24788E+02   -0.10015E+01    0.90143E+02    0.19549E+01
    0.47125E+01   -0.10015E+01    0.48285E+02    0.16838E+01
    0.10837E+02   -0.85114E+00    0.44413E+02    0.16475E+01
    0.19235E+02   -0.99863E+00    0.18028E+02    0.12560E+01
    0.10254E+02   -0.10015E+01    0.75865E+02    0.18800E+01
    0.24110E+02   -0.11178E+01    0.51758E+02    0.17140E+01
    0.53905E+01   -0.11178E+01    0.41803E+02    0.16212E+01
    0.19917E+02   -0.11218E+01    0.44204E+02    0.16455E+01
    0.95827E+01   -0.11218E+01    0.32214E+02    0.15080E+01
    0.26028E+02   -0.19003E+00    0.92074E+02    0.19641E+01
    0.88281E+01   -0.20869E+00    0.92816E+02    0.19676E+01
    0.20672E+02   -0.20959E+00    0.15690E+03    0.21956E+01
    0.34725E+01   -0.19015E+00    0.10046E+03    0.20020E+01
    0.69993E+01   -0.87363E-01    0.15380E+03    0.21870E+01
    0.22501E+02   -0.87364E-01    0.69954E+02    0.18448E+01
    0.16979E+02   -0.10136E+01    0.38939E+02    0.15904E+01
    0.27414E+02   -0.40726E+00    0.12082E+03    0.20821E+01
    0.51126E+00   -0.98396E+00    0.33487E+02    0.15249E+01
    0.28989E+02   -0.98356E+00    0.85851E+02    0.19337E+01
    0.14138E+02   -0.81282E+00    0.61553E+02    0.17893E+01
    0.11488E+02   -0.44887E+00    0.23144E+02    0.13644E+01
    0.68351E+01   -0.17764E+00    0.88320E+02    0.19461E+01
    0.12316E+02   -0.13072E+01    0.83769E+02    0.19231E+01
    0.22665E+02   -0.17764E+00    0.78232E+02    0.18934E+01
    0.13393E+01   -0.10244E+01    0.22054E+02    0.13435E+01
    0.28159E+02   -0.10218E+01    0.95722E+02    0.19810E+01
    0.15449E+02   -0.10233E+01    0.30369E+02    0.14824E+01
    0.16385E+02   -0.36884E+00    0.62266E+02    0.17943E+01
    0.29301E+02   -0.35152E+00    0.10558E+03    0.20236E+01
    0.36533E+01   -0.20894E+00    0.82736E+02    0.19177E+01
    0.45151E+01   -0.18517E+00    0.17427E+03    0.22412E+01
    0.25847E+02   -0.20885E+00    0.87541E+02    0.19422E+01
    0.24985E+02   -0.18517E+00    0.82389E+02    0.19159E+01
    0.12663E+02   -0.20604E+00    0.64226E+02    0.18077E+01
    0.14577E+02   -0.25762E+00    0.74953E+02    0.18748E+01
    0.17891E+02   -0.10825E+01    0.26501E+02    0.14233E+01
    0.11598E+02   -0.13516E+01    0.43064E+02    0.16341E+01
    0.17161E+02   -0.12926E+01    0.35756E+02    0.15533E+01
    0.18116E+02   -0.13080E+01    0.40857E+02    0.16113E+01
    0.15965E+02   -0.10101E+01    0.36929E+02    0.15674E+01
    0.72425E+01   -0.24333E+00    0.13342E+03    0.21252E+01
    0.66687E+01   -0.19420E+00    0.10097E+03    0.20042E+01
    0.22831E+02   -0.19417E+00    0.86371E+02    0.19364E+01
    0.83445E+00   -0.10189E+01    0.30850E+02    0.14893E+01
    0.28665E+02   -0.10184E+01    0.86659E+02    0.19378E+01
    0.15002E+01   -0.78037E-01    0.58946E+02    0.17705E+01
    0.28000E+02   -0.77974E-01    0.94034E+02    0.19733E+01
    0.12287E+02   -0.10880E+01    0.94871E+02    0.19771E+01
    0.10919E+02   -0.30119E+00    0.14578E+03    0.21637E+01
    0.17570E+02   -0.35801E+00    0.10023E+03    0.20010E+01
    0.11001E+02   -0.76546E-01    0.10742E+04    0.30311E+01
    0.11389E+02   -0.12575E+01    0.39151E+02    0.15927E+01
    0.27590E+02   -0.34252E+00    0.12768E+03    0.21061E+01
    0.19101E+01   -0.35518E+00    0.65498E+02    0.18162E+01
    0.20160E+02   -0.35673E+00    0.46289E+02    0.16655E+01
    0.93399E+01   -0.35669E+00    0.39426E+02    0.15958E+01
    0.14895E+02   -0.22990E+00    0.16920E+03    0.22284E+01
    0.16512E+02   -0.12312E+01    0.33911E+02    0.15303E+01
    0.20070E+02   -0.14519E+01    0.45699E+02    0.16599E+01
    0.94299E+01   -0.14519E+01    0.35367E+02    0.15486E+01
    0.17164E+02   -0.10750E+01    0.35669E+02    0.15523E+01
    0.23959E+02   -0.14509E+01    0.46006E+02    0.16628E+01
    0.55408E+01   -0.14509E+01    0.44734E+02    0.16506E+01
    0.20352E+02   -0.36255E+00    0.32579E+02    0.15129E+01
    0.91475E+01   -0.36221E+00    0.35422E+02    0.15493E+01
    0.88902E+01   -0.40288E+00    0.75202E+02    0.18762E+01
    0.20610E+02   -0.40301E+00    0.34104E+02    0.15328E+01
    0.13929E+02   -0.22227E+00    0.14848E+03    0.21717E+01
    0.25429E+02   -0.19752E+00    0.67620E+02    0.18301E+01
    0.20814E+01   -0.25704E+00    0.10642E+03    0.20270E+01
    0.76827E+01   -0.20881E+00    0.94224E+02    0.19742E+01
    0.21818E+02   -0.20777E+00    0.89798E+02    0.19533E+01
    0.40714E+01   -0.19745E+00    0.28269E+02    0.14513E+01
    0.14742E+02   -0.25917E+00    0.14392E+03    0.21581E+01
    0.73321E+01   -0.79451E+00    0.30080E+02    0.14783E+01
    0.22168E+02   -0.79537E+00    0.55995E+02    0.17481E+01
    0.15638E+02   -0.10704E+01    0.33377E+02    0.15235E+01
    0.11577E+01   -0.10753E+01    0.25055E+02    0.13989E+01
    0.28341E+02   -0.10739E+01    0.89550E+02    0.19521E+01
    0.10670E+02   -0.18997E+00    0.10668E+03    0.20281E+01
    0.13754E+02   -0.24425E+00    0.12546E+03    0.20985E+01
    0.23574E+02   -0.10832E+01    0.35250E+02    0.15472E+01
    0.59256E+01   -0.10832E+01    0.24676E+02    0.13923E+01
    0.10764E+02   -0.22274E+00    0.13887E+03    0.21426E+01
    0.90448E+01   -0.10827E+01    0.39450E+02    0.15961E+01
    0.20455E+02   -0.10827E+01    0.54049E+02    0.17328E+01
    0.84976E+01   -0.19392E+00    0.96065E+02    0.19826E+01
    0.21002E+02   -0.19392E+00    0.10724E+03    0.20303E+01
    0.16325E+02   -0.19553E+00    0.11846E+03    0.20736E+01
    0.17166E+02   -0.19876E+00    0.84290E+02    0.19258E+01
    0.11669E+02   -0.20133E+00    0.43904E+03    0.26425E+01
    0.17503E+02   -0.19403E+00    0.15598E+03    0.21931E+01
    0.16321E+02   -0.11572E+01    0.35470E+02    0.15499E+01
    0.11319E+02   -0.20838E+00    0.61678E+02    0.17901E+01
    0.18834E+02   -0.20202E+00    0.15582E+03    0.21926E+01
    0.19178E+02   -0.19391E+00    0.38690E+02    0.15876E+01
    0.15295E+02   -0.11503E+01    0.32108E+02    0.15066E+01
    0.14925E+01   -0.11519E+01    0.18807E+02    0.12743E+01
    0.28007E+02   -0.11505E+01    0.91662E+02    0.19622E+01
    0.16468E+02   -0.43851E+00    0.48229E+02    0.16833E+01
    0.11019E+02   -0.11128E+01    0.41665E+02    0.16198E+01
    0.43369E+01   -0.18281E+00    0.65048E+02    0.18132E+01
    0.25163E+02   -0.18283E+00    0.76177E+02    0.18818E+01
    0.14095E+02   -0.22587E+00    0.72882E+02    0.18626E+01
    0.50094E+00   -0.11985E+01    0.31800E+02    0.15024E+01
    0.28999E+02   -0.11981E+01    0.80368E+02    0.19051E+01
    0.10857E+02   -0.10251E+01    0.52261E+02    0.17182E+01
    0.26422E+02   -0.25824E+00    0.12055E+03    0.20812E+01
    0.16413E+02   -0.25150E+00    0.10238E+03    0.20102E+01
    0.17251E+02   -0.25221E+00    0.90691E+02    0.19576E+01
    0.17420E+02   -0.24947E+00    0.14251E+03    0.21538E+01
    0.17587E+02   -0.24563E+00    0.11729E+03    0.20693E+01
    0.11586E+02   -0.25858E+00    0.19642E+03    0.22932E+01
    0.18517E+02   -0.81869E+00    0.39619E+02    0.15979E+01
    0.11414E+02   -0.25918E+00    0.45518E+02    0.16582E+01
    0.18917E+02   -0.25404E+00    0.10100E+03    0.20043E+01
    0.19089E+02   -0.25111E+00    0.32453E+02    0.15112E+01
    0.57336E+01   -0.11544E+01    0.31101E+02    0.14928E+01
    0.23766E+02   -0.11544E+01    0.37224E+02    0.15708E+01
    0.92373E+01   -0.11544E+01    0.36315E+02    0.15601E+01
    0.20263E+02   -0.11544E+01    0.62151E+02    0.17934E+01
    0.16828E+02   -0.18904E+00    0.12583E+03    0.20998E+01
    0.11588E+02   -0.37284E+00    0.59670E+02    0.17758E+01
    0.11832E+02   -0.19200E+00    0.18441E+03    0.22658E+01
    0.64160E+01   -0.25663E+00    0.12675E+03    0.21029E+01
    0.23084E+02   -0.25662E+00    0.96648E+02    0.19852E+01
    0.14529E+02   -0.36119E+00    0.45677E+02    0.16597E+01
    0.13259E+02   -0.23944E+00    0.11112E+03    0.20458E+01
    0.30765E+01   -0.25853E+00    0.39803E+02    0.15999E+01
    0.15675E+02   -0.20900E+00    0.13986E+03    0.21457E+01
    0.13093E+02   -0.24996E+00    0.11145E+03    0.20471E+01
    0.13577E+02   -0.24335E+00    0.79046E+02    0.18979E+01
    0.16583E+02   -0.24589E+00    0.10116E+03    0.20050E+01
    0.72041E+01   -0.33688E+00    0.91625E+02    0.19620E+01
    0.17751E+02   -0.24171E+00    0.75567E+02    0.18783E+01
    0.11685E+02   -0.42512E+00    0.45658E+02    0.16595E+01
    0.27415E+02   -0.24562E+00    0.11712E+03    0.20686E+01
    0.13840E+02   -0.18037E+00    0.19740E+03    0.22953E+01
    0.20326E+02   -0.19263E+00    0.11554E+03    0.20627E+01
    0.91733E+01   -0.19048E+00    0.58873E+02    0.17699E+01
    0.25332E+02   -0.17731E+00    0.64149E+02    0.18072E+01
    0.41680E+01   -0.17724E+00    0.35975E+02    0.15560E+01
    0.10844E+02   -0.16682E+00    0.33125E+03    0.25202E+01
    0.17907E+02   -0.14208E+01    0.40294E+02    0.16052E+01
    0.29922E+01   -0.19101E+00    0.52439E+02    0.17197E+01
    0.65011E+01   -0.19169E+00    0.12744E+03    0.21053E+01
    0.87706E+01   -0.41953E+00    0.85094E+02    0.19299E+01
    0.22999E+02   -0.19167E+00    0.94994E+02    0.19777E+01
    0.20729E+02   -0.41966E+00    0.36829E+02    0.15662E+01
    0.24928E+01   -0.18246E+00    0.56245E+02    0.17501E+01
    0.27010E+02   -0.18093E+00    0.65761E+02    0.18180E+01
    0.71618E+01   -0.17880E+00    0.14520E+03    0.21620E+01
    0.22339E+02   -0.17937E+00    0.70428E+02    0.18477E+01
    0.42498E+01   -0.22559E+00    0.31224E+02    0.14945E+01
    0.25250E+02   -0.22563E+00    0.71673E+02    0.18554E+01
    0.29254E+02   -0.24597E+00    0.10024E+03    0.20010E+01
    0.18482E+02   -0.20513E+00    0.84503E+02    0.19269E+01
    0.16539E+02   -0.14420E+01    0.29133E+02    0.14644E+01
    0.26506E+02   -0.19089E+00    0.11790E+03    0.20715E+01
    0.22298E+02   -0.34098E+00    0.70532E+02    0.18484E+01
    0.13339E+02   -0.18332E+00    0.98114E+02    0.19917E+01
    0.69170E+01   -0.22306E+00    0.88898E+02    0.19489E+01
    0.14411E+02   -0.24207E+00    0.43412E+02    0.16376E+01
    0.22584E+02   -0.22314E+00    0.72920E+02    0.18628E+01
    0.27288E+02   -0.43139E+00    0.10941E+03    0.20391E+01
    0.86644E+01   -0.18455E+00    0.14637E+03    0.21654E+01
    0.20836E+02   -0.18457E+00    0.14478E+03    0.21607E+01
    0.14980E+02   -0.18569E+00    0.17794E+03    0.22503E+01
    0.14224E+02   -0.34060E+00    0.35180E+02    0.15463E+01
    0.13007E+02   -0.19599E+00    0.90980E+02    0.19589E+01
    0.14009E+02   -0.17866E+00    0.17440E+03    0.22416E+01
    0.14495E+02   -0.19010E+00    0.67606E+02    0.18300E+01
    0.87419E+01   -0.24321E+00    0.12406E+03    0.20936E+01
    0.13495E+02   -0.18244E+00    0.85048E+02    0.19297E+01
    0.20758E+02   -0.24336E+00    0.12691E+03    0.21035E+01
    0.67538E+01   -0.23226E+00    0.83351E+02    0.19209E+01
    0.22746E+02   -0.23224E+00    0.81541E+02    0.19114E+01
    0.16667E+02   -0.18801E+00    0.12625E+03    0.21012E+01
    0.20174E+02   -0.19049E+00    0.73053E+02    0.18636E+01
    0.93256E+01   -0.19044E+00    0.44489E+02    0.16483E+01
    0.80112E+01   -0.17831E+00    0.35805E+03    0.25539E+01
    0.21489E+02   -0.17831E+00    0.18948E+03    0.22776E+01
    0.65863E+01   -0.24127E+00    0.11524E+03    0.20616E+01
    0.22914E+02   -0.24123E+00    0.91800E+02    0.19628E+01
    0.17837E+02   -0.18945E+00    0.82720E+02    0.19176E+01
    0.62811E+01   -0.44626E+00    0.61574E+02    0.17894E+01
    0.23219E+02   -0.44627E+00    0.84237E+02    0.19255E+01
    0.69981E+01   -0.17980E+00    0.12774E+03    0.21063E+01
    0.29337E+02   -0.18873E+00    0.10580E+03    0.20245E+01
    0.22502E+02   -0.17988E+00    0.69227E+02    0.18403E+01
    0.19907E+01   -0.19326E+00    0.13483E+03    0.21298E+01
    0.27503E+02   -0.18954E+00    0.12482E+03    0.20963E+01
    0.11751E+02   -0.24734E+00    0.23227E+03    0.23660E+01
    0.11221E+02   -0.14067E+01    0.28368E+02    0.14528E+01
    0.15226E+01   -0.16086E+00    0.67015E+02    0.18262E+01
    0.27977E+02   -0.16080E+00    0.96311E+02    0.19837E+01
    0.14253E+02   -0.24068E+00    0.44029E+02    0.16437E+01
    0.85811E+01   -0.23372E+00    0.11230E+03    0.20504E+01
    0.20919E+02   -0.23374E+00    0.11367E+03    0.20557E+01
    0.11007E+02   -0.15692E+00    0.59651E+03    0.27756E+01
    0.16745E+02   -0.22932E+00    0.10717E+03    0.20301E+01
    0.20249E+02   -0.23145E+00    0.75304E+02    0.18768E+01
    0.92505E+01   -0.23105E+00    0.39163E+02    0.15929E+01
    0.13418E+02   -0.22120E+00    0.81849E+02    0.19130E+01
    0.14781E+02   -0.35843E+00    0.80854E+02    0.19077E+01
    0.15363E+02   -0.13610E+01    0.34851E+02    0.15422E+01
    0.14327E+01   -0.13609E+01    0.21927E+02    0.13410E+01
    0.28067E+02   -0.13609E+01    0.79151E+02    0.18985E+01
    0.11764E+02   -0.35686E+00    0.84596E+02    0.19273E+01
    0.11036E+02   -0.13226E+01    0.33497E+02    0.15250E+01
    0.17777E+02   -0.34479E+00    0.75395E+02    0.18773E+01
    0.23781E+02   -0.13637E+01    0.38187E+02    0.15819E+01
    0.57187E+01   -0.13638E+01    0.37578E+02    0.15749E+01
    0.20248E+02   -0.13645E+01    0.58579E+02    0.17677E+01
    0.92518E+01   -0.13645E+01    0.33873E+02    0.15298E+01
    0.70772E+01   -0.22312E+00    0.12292E+03    0.20896E+01
    0.22424E+02   -0.22377E+00    0.68237E+02    0.18340E+01
    0.10932E+02   -0.20223E+00    0.35167E+03    0.25461E+01
    0.18670E+02   -0.85553E+00    0.41860E+02    0.16218E+01
    0.92476E+01   -0.32741E+00    0.35500E+02    0.15502E+01
    0.20252E+02   -0.32781E+00    0.47638E+02    0.16780E+01
    0.14419E+02   -0.34635E+00    0.37670E+02    0.15760E+01
    0.87110E+01   -0.33812E+00    0.10517E+03    0.20219E+01
    0.20789E+02   -0.33827E+00    0.75793E+02    0.18796E+01
    0.65723E+01   -0.34957E+00    0.10353E+03    0.20151E+01
    0.22928E+02   -0.34953E+00    0.92076E+02    0.19641E+01
    0.16755E+02   -0.31939E+00    0.72158E+02    0.18583E+01
    0.13416E+02   -0.31470E+00    0.73923E+02    0.18688E+01
    0.18682E+02   -0.10182E+01    0.42935E+02    0.16328E+01
    0.94294E-01   -0.20389E+00    0.53787E+02    0.17307E+01
