2171					
1	1	2	3	4	-6.43625432709328
2	1	2	4	5	-1.38261368804384
3	1	2	5	6	-0.796583891093487
4	1	2	6	7	-0.436010872339182
5	1	2	7	8	-0.254437355271966
6	1	2	8	9	-0.208011413498093
7	1	2	9	10	-0.143884928729693
8	1	2	10	11	-0.105122475904053
9	1	2	11	12	-0.072908860837642
10	1	2	12	13	-0.072575248338594
11	2	3	4	5	-4.28959754541567
12	2	3	5	6	-1.56890262913965
13	2	3	6	7	-0.705674831564189
14	2	3	7	8	-0.371529587336755
15	2	3	8	9	-0.285669718341585
16	2	3	9	10	-0.188119280155826
17	2	3	10	11	-0.133314985403728
18	2	3	11	12	-0.089422840344569
19	2	3	12	13	-0.08751820304191
20	2	3	13	14	-0.072266339619051
21	3	4	5	6	-7.90105111605047
22	3	4	6	7	-1.84198593810023
23	3	4	7	8	-0.772404154387053
24	3	4	8	9	-0.530468089445009
25	3	4	9	10	-0.330221302892067
26	3	4	10	11	-0.220147954431232
27	3	4	11	12	-0.146432528809203
28	3	4	12	13	-0.138719219429888
29	3	4	13	14	-0.111795873730507
30	3	4	14	15	-0.082306877645754
31	4	5	6	7	-4.78721072515178
32	4	5	7	8	-1.17758795288173
33	4	5	8	9	-0.663156838361677
34	4	5	9	10	-0.371070757042422
35	4	5	10	11	-0.23342183201012
36	4	5	11	12	-0.148537640565936
37	4	5	12	13	-0.136822668929306
38	4	5	13	14	-0.107240946128029
39	4	5	14	15	-0.077114806818089
40	4	5	15	16	-0.061667677368817
41	5	6	7	8	-4.86010191717466
42	5	6	8	9	-1.61599786853818
43	5	6	9	10	-0.699040804541947
44	5	6	10	11	-0.404327907015922
45	5	6	11	12	-0.234809082607636
46	5	6	12	13	-0.210299309297714
47	5	6	13	14	-0.159079389177819
48	5	6	14	15	-0.111716798564521
49	5	6	15	16	-0.087392928655208
50	5	6	16	17	-0.067195504418972
51	6	7	8	9	-6.08809867546065
52	6	7	9	10	-1.48569565222488
53	6	7	10	11	-0.687539451507614
54	6	7	11	12	-0.368461024142988
55	6	7	12	13	-0.308860014687829
56	6	7	13	14	-0.22226376813395
57	6	7	14	15	-0.148131037904057
58	6	7	15	16	-0.112068321814554
59	6	7	16	17	-0.085610419040502
60	6	7	17	18	-0.07145457380309
61	7	8	9	10	-4.44429058517925
62	7	8	10	11	-1.32222988222494
63	7	8	11	12	-0.588288787490055
64	7	8	12	13	-0.453194742544978
65	7	8	13	14	-0.305748692363579
66	7	8	14	15	-0.193168580124671
67	7	8	15	16	-0.140782228714156
68	7	8	16	17	-0.104573014481735
69	7	8	17	18	-0.085038232637139
70	7	8	18	19	-0.062278975219307
71	8	9	10	11	-5.47568056045627
72	8	9	11	12	-1.53956473183873
73	8	9	12	13	-0.949969004703124
74	8	9	13	14	-0.57203066502358
75	8	9	14	15	-0.329323608341868
76	8	9	15	16	-0.228642062930832
77	8	9	16	17	-0.168318830914162
78	8	9	17	18	-0.129919908527373
79	8	9	18	19	-0.092865012303448
80	8	9	19	20	-0.067978485708191
81	9	10	11	12	-5.08540963864788
82	9	10	12	13	-2.03520531186527
83	9	10	13	14	-0.989020080699858
84	9	10	14	15	-0.505550031778714
85	9	10	15	16	-0.32606209308166
86	9	10	16	17	-0.222492761186674
87	9	10	17	18	-0.167529893710013
88	9	10	18	19	-0.11607081795789
89	9	10	19	20	-0.082393991911213
90	9	10	20	21	-0.067484121355492
91	10	11	12	13	-7.03076358301194
92	10	11	13	14	-2.13288976386367
93	10	11	14	15	-0.842121669792971
94	10	11	15	16	-0.492205598085339
95	10	11	16	17	-0.330638499252422
96	10	11	17	18	-0.227548145024799
97	10	11	18	19	-0.151453007870425
98	10	11	19	20	-0.105030574203556
99	10	11	20	21	-0.08211079575678
100	10	11	21	22	-0.062648376980517
101	11	12	13	14	-6.32212818708509
102	11	12	14	15	-1.62842787877664
103	11	12	15	16	-0.778728658634443
104	11	12	16	17	-0.428025681426029
105	11	12	17	18	-0.292006964029545
106	11	12	18	19	-0.185216130853326
107	11	12	19	20	-0.121472967405362
108	11	12	20	21	-0.096324435727627
109	11	12	21	22	-0.069143716643025
110	11	12	22	23	-0.055964893573247
111	12	13	14	15	-5.88877995227795
112	12	13	15	16	-1.91044375505745
113	12	13	16	17	-0.888260015972048
114	12	13	17	18	-0.547307540197284
115	12	13	18	19	-0.325810589280921
116	12	13	19	20	-0.204071524289803
117	12	13	20	21	-0.155935103264499
118	12	13	21	22	-0.109407609647007
119	12	13	22	23	-0.086494611892448
120	12	13	23	24	-0.059521210159518
121	13	14	15	16	-7.0170594593198
122	13	14	16	17	-2.00439075714521
123	13	14	17	18	-1.05190414994718
124	13	14	18	19	-0.563231558611115
125	13	14	19	20	-0.326238858768813
126	13	14	20	21	-0.239792718288777
127	13	14	21	22	-0.160561428834463
128	13	14	22	23	-0.122939873678446
129	13	14	23	24	-0.082636260458455
130	13	14	24	25	-0.075904818934116
131	14	15	16	17	-7.36292429599166
132	14	15	17	18	-2.39285766896883
133	14	15	18	19	-1.04834324376273
134	14	15	19	20	-0.54225225565916
135	14	15	20	21	-0.365900395752444
136	14	15	21	22	-0.23518979891364
137	14	15	22	23	-0.171860573554726
138	14	15	23	24	-0.111905617839803
139	14	15	24	25	-0.100530433334631
140	14	15	25	26	-0.069142371743515
141	15	16	17	18	-8.27243712467313
142	15	16	18	19	-2.3264305283808
143	15	16	19	20	-1.00590030157149
144	15	16	20	21	-0.603144443258233
145	15	16	21	22	-0.368832965495567
146	15	16	22	23	-0.254595357020663
147	15	16	23	24	-0.159597963275406
148	15	16	24	25	-0.13959874428401
149	15	16	25	26	-0.093171248026299
150	15	16	26	27	-0.079900117954029
151	16	17	18	19	-7.49590794546628
152	16	17	19	20	-2.09359536089577
153	16	17	20	21	-1.08720477889261
154	16	17	21	22	-0.590807828143567
155	16	17	22	23	-0.379851364999534
156	16	17	23	24	-0.227226169037187
157	16	17	24	25	-0.19097411577997
158	16	17	25	26	-0.124194691246753
159	16	17	26	27	-0.104570442332784
160	16	17	27	28	-0.077334172617195
161	17	18	19	20	-7.0802513520502
162	17	18	20	21	-2.56707150356063
163	17	18	21	22	-1.19650658274618
164	17	18	22	23	-0.685831243684879
165	17	18	23	24	-0.383110154755127
166	17	18	24	25	-0.307885271131316
167	17	18	25	26	-0.191216813361348
168	17	18	26	27	-0.155558220353073
169	17	18	27	28	-0.112241015635232
170	17	18	28	29	-0.077580227441333
171	18	19	20	21	-7.49188729137806
172	18	19	21	22	-2.46855559131906
173	18	19	22	23	-1.17257117286122
174	18	19	23	24	-0.591228267816984
175	18	19	24	25	-0.444642265856915
176	18	19	25	26	-0.261640308278589
177	18	19	26	27	-0.204905426867154
178	18	19	27	28	-0.142907708176114
179	18	19	28	29	-0.09613899535843
180	18	19	29	30	-0.073124853327548
181	19	20	21	22	-7.33968336817334
182	19	20	22	23	-2.40267497064599
183	19	20	23	24	-1.02932203881376
184	19	20	24	25	-0.702650825663149
185	19	20	25	26	-0.384856184337198
186	19	20	26	27	-0.287124025345904
187	19	20	27	28	-0.191498074150101
188	19	20	28	29	-0.124049384614894
189	19	20	29	30	-0.091673149527325
190	19	20	30	31	-0.073942752766781
191	20	21	22	23	-7.34374258648516
192	20	21	23	24	-2.2607311021605
193	20	21	24	25	-1.327488906096
194	20	21	25	26	-0.647094168430795
195	20	21	26	27	-0.449660662102113
196	20	21	27	28	-0.28524938085263
197	20	21	28	29	-0.178690123665406
198	20	21	29	30	-0.127994783147379
199	20	21	30	31	-0.099832819491396
200	20	21	31	32	-0.063916026022738
201	21	22	23	24	-6.00550135339169
202	21	22	24	25	-2.68184168723617
203	21	22	25	26	-1.11228358688819
204	21	22	26	27	-0.705859426580899
205	21	22	27	28	-0.416538401866558
206	21	22	28	29	-0.246663736910715
207	21	22	29	30	-0.169185610097285
208	21	22	30	31	-0.128099892832139
209	21	22	31	32	-0.079768653242409
210	21	22	32	33	-0.066395036964538
211	22	23	24	25	-8.44270413287744
212	22	23	25	26	-2.4791673905245
213	22	23	26	27	-1.35794107492806
214	22	23	27	28	-0.726149221974515
215	22	23	28	29	-0.401974626508052
216	22	23	29	30	-0.261492925939724
217	22	23	30	31	-0.189382186745377
218	22	23	31	32	-0.114371017915383
219	22	23	32	33	-0.092867367431713
220	22	23	33	34	-0.071349976486817
221	23	24	25	26	-6.01143413201903
222	23	24	26	27	-2.40486533282868
223	23	24	27	28	-1.10134317429562
224	23	24	28	29	-0.555566267058151
225	23	24	29	30	-0.338580492419088
226	23	24	30	31	-0.233295185268063
227	23	24	31	32	-0.135867361270537
228	23	24	32	33	-0.107581921701478
229	23	24	33	34	-0.080216342000168
230	23	24	34	35	-0.064452876044864
231	24	25	26	27	-8.43148622066439
232	24	25	27	28	-2.68522479493032
233	24	25	28	29	-1.15485779381541
234	24	25	29	30	-0.637999163967648
235	24	25	30	31	-0.409784553924785
236	24	25	31	32	-0.227186262353161
237	24	25	32	33	-0.174372912102012
238	24	25	33	34	-0.12461458206891
239	24	25	34	35	-0.097952043738869
240	24	25	35	36	-0.080455924791366
241	25	26	27	28	-7.19806023481896
242	25	26	28	29	-2.27010087437287
243	25	26	29	30	-1.07147372023748
244	25	26	30	31	-0.615296526638233
245	25	26	31	32	-0.319375277399018
246	25	26	32	33	-0.232844245633814
247	25	26	33	34	-0.161101740869526
248	25	26	34	35	-0.122271276754671
249	25	26	35	36	-0.097420792248793
250	25	26	36	37	-0.061117399965825
251	26	27	28	29	-7.02359387048899
252	26	27	29	30	-2.42168719794463
253	26	27	30	31	-1.18272592391416
254	26	27	31	32	-0.564330007594115
255	26	27	32	33	-0.387476413196828
256	26	27	33	34	-0.258504578104099
257	26	27	34	35	-0.188936046859368
258	26	27	35	36	-0.145607461693983
259	26	27	36	37	-0.089309429119402
260	26	27	37	38	-0.063238635847598
261	27	28	29	30	-7.05886040677068
262	27	28	30	31	-2.35669080281358
263	27	28	31	32	-0.963645775840542
264	27	28	32	33	-0.607434543379877
265	27	28	33	34	-0.378867801672356
266	27	28	34	35	-0.264400523778114
267	27	28	35	36	-0.196170395053445
268	27	28	36	37	-0.116764368900382
269	27	28	37	38	-0.080829437261861
270	27	28	38	39	-0.064262438173482
271	28	29	30	31	-6.05950875564328
272	28	29	31	32	-1.7420516870374
273	28	29	32	33	-0.954286714272229
274	28	29	33	34	-0.533903982153063
275	28	29	34	35	-0.35112267614869
276	28	29	35	36	-0.249162645757368
277	28	29	36	37	-0.142977439470677
278	28	29	37	38	-0.096174247848677
279	28	29	38	39	-0.074907690923447
280	28	29	39	40	-0.056600951910864
281	29	30	31	32	-5.25166874949476
282	29	30	32	33	-2.04471766639929
283	29	30	33	34	-0.936977157371351
284	29	30	34	35	-0.561599607227041
285	29	30	35	36	-0.374067172683192
286	29	30	36	37	-0.20456632965802
287	29	30	37	38	-0.132735082123535
288	29	30	38	39	-0.10070238740869
289	29	30	39	40	-0.074399686280241
290	29	30	40	41	-0.057349950165588
291	30	31	32	33	-7.31813803712508
292	30	31	33	34	-2.08173523112913
293	30	31	34	35	-1.04108522311428
294	30	31	35	36	-0.625081092790162
295	30	31	36	37	-0.321538032163501
296	30	31	37	38	-0.200376524346638
297	30	31	38	39	-0.146652230896174
298	30	31	39	40	-0.105495442365681
299	30	31	40	41	-0.079817062679971
300	30	31	41	42	-0.059000066075808
301	31	32	33	34	-5.82151960087341
302	31	32	34	35	-1.80364685943312
303	31	32	35	36	-0.877851613028586
304	31	32	36	37	-0.404931430366683
305	31	32	37	38	-0.236054495666411
306	31	32	38	39	-0.166040817272992
307	31	32	39	40	-0.115662191549354
308	31	32	40	41	-0.084883998841172
309	31	32	41	42	-0.061934071154764
310	31	32	42	43	-0.051937082320916
311	32	33	34	35	-6.41293257816219
312	32	33	35	36	-1.88090287492728
313	32	33	36	37	-0.71657118832289
314	32	33	37	38	-0.3807193568543
315	32	33	38	39	-0.25139356634255
316	32	33	39	40	-0.168412031439141
317	32	33	40	41	-0.120491825242445
318	32	33	41	42	-0.084467309430741
319	32	33	42	43	-0.07046384706278
320	32	33	43	44	-0.052962544310494
321	33	34	35	36	-7.63095147147428
322	33	34	36	37	-1.68966699654425
323	33	34	37	38	-0.69159522859941
324	33	34	38	39	-0.409372076628632
325	33	34	39	40	-0.254937748757729
326	33	34	40	41	-0.170581095772869
327	33	34	41	42	-0.119261412879446
328	33	34	42	43	-0.093199586749584
329	33	34	43	44	-0.067903547028867
330	33	34	44	45	-0.054094465942605
331	34	35	36	37	-6.98363423634029
332	34	35	37	38	-1.609860203898
333	34	35	38	39	-0.744857298795761
334	34	35	39	40	-0.416381681972043
335	34	35	40	41	-0.260529108300903
336	34	35	41	42	-0.173485949899463
337	34	35	42	43	-0.130951572260354
338	34	35	43	44	-0.092822143432442
339	34	35	44	45	-0.072120580428445
340	34	35	45	46	-0.063328488373758
341	35	36	37	38	-7.55295197604164
342	35	36	38	39	-1.80432978389273
343	35	36	39	40	-0.797749406755639
344	35	36	40	41	-0.447281274199228
345	35	36	41	42	-0.277425499887104
346	35	36	42	43	-0.19965165922374
347	35	36	43	44	-0.136380876930988
348	35	36	44	45	-0.102545266686788
349	35	36	45	46	-0.088081345278687
350	35	36	46	47	-0.066432512175159
351	36	37	38	39	-5.5668025160695
352	36	37	39	40	-1.38728713683708
353	36	37	40	41	-0.640482004367056
354	36	37	41	42	-0.358792356058137
355	36	37	42	43	-0.2415382490023
356	36	37	43	44	-0.157116147155722
357	36	37	44	45	-0.113840209475873
358	36	37	45	46	-0.095024348568476
359	36	37	46	47	-0.070049310563762
360	36	37	47	48	-0.05490769894042
361	37	38	39	40	-3.95490092299755
362	37	38	40	41	-1.11690885185904
363	37	38	41	42	-0.533932687095998
364	37	38	42	43	-0.327362993664167
365	37	38	43	44	-0.200740409598148
366	37	38	44	45	-0.139860775147681
367	37	38	45	46	-0.113021825472489
368	37	38	46	47	-0.081188523170687
369	37	38	47	48	-0.062381359171826
370	37	38	48	49	-0.043092225824931
371	38	39	40	41	-3.9519434988087
372	38	39	41	42	-1.11401675355914
373	38	39	42	43	-0.57406650813319
374	38	39	43	44	-0.320389217774247
375	38	39	44	45	-0.207737502064958
376	38	39	45	46	-0.16108770805077
377	38	39	46	47	-0.111820373403934
378	38	39	47	48	-0.083461678124152
379	38	39	48	49	-0.056383972519536
380	38	39	49	50	-0.046845856732409
381	39	40	41	42	-3.7661326261118
382	39	40	42	43	-1.1299025749377
383	39	40	43	44	-0.525410805074662
384	39	40	44	45	-0.307331878431391
385	39	40	45	46	-0.224542620540754
386	39	40	46	47	-0.148982755223418
387	39	40	47	48	-0.107327496603666
388	39	40	48	49	-0.070538443484669
389	39	40	49	50	-0.05750402267809
390	39	40	50	51	-0.043870484394359
391	40	41	42	43	-3.83579619363925
392	40	41	43	44	-1.07053704572222
393	40	41	44	45	-0.52770149514014
394	40	41	45	46	-0.347641282525196
395	40	41	46	47	-0.216231358423296
396	40	41	47	48	-0.149114452233243
397	40	41	48	49	-0.094881445237166
398	40	41	49	50	-0.074853693957464
399	40	41	50	51	-0.056227389689556
400	40	41	51	52	-0.046715734356634
401	41	42	43	44	-3.49858313288764
402	41	42	44	45	-0.989595003297157
403	41	42	45	46	-0.55628228049332
404	41	42	46	47	-0.314633118506268
405	41	42	47	48	-0.202643143985236
406	41	42	48	49	-0.122832335003309
407	41	42	49	50	-0.095073187736641
408	41	42	50	51	-0.068482738610061
409	41	42	51	52	-0.055616153393191
410	41	42	52	53	-0.045778410683605
411	42	43	44	45	-3.64526038500621
412	42	43	45	46	-1.20724945968049
413	42	43	46	47	-0.564522879288694
414	42	43	47	48	-0.331611168057902
415	42	43	48	49	-0.189847498028891
416	42	43	49	50	-0.139520453986539
417	42	43	50	51	-0.098165872906671
418	42	43	51	52	-0.077741628099508
419	42	43	52	53	-0.062081042817694
420	42	43	53	54	-0.049826472179629
421	43	44	45	46	-4.23790868380471
422	43	44	46	47	-1.10080547020833
423	43	44	47	48	-0.534496906064929
424	43	44	48	49	-0.278437280228697
425	43	44	49	50	-0.190853784164144
426	43	44	50	51	-0.129300653160714
427	43	44	51	52	-0.099064130125038
428	43	44	52	53	-0.076493303902065
429	43	44	53	54	-0.060110502207869
430	43	44	54	55	-0.048863414788791
431	44	45	46	47	-3.72007490338341
432	44	45	47	48	-1.03890730138992
433	44	45	48	49	-0.451358849037766
434	44	45	49	50	-0.284913138331666
435	44	45	50	51	-0.180054458586194
436	44	45	51	52	-0.132055820321313
437	44	45	52	53	-0.099926360489959
438	44	45	53	54	-0.076452194565243
439	44	45	54	55	-0.060344709400992
440	44	45	55	56	-0.049557212727162
441	45	46	47	48	-4.19691294055487
442	45	46	48	49	-1.0369051240506
443	45	46	49	50	-0.533816252210929
444	45	46	50	51	-0.305792910062554
445	45	46	51	52	-0.210545007268501
446	45	46	52	53	-0.151835676758396
447	45	46	53	54	-0.112237131298815
448	45	46	54	55	-0.086409962791523
449	45	46	55	56	-0.069391497950562
450	45	46	56	57	-0.052330890465649
451	46	47	48	49	-3.56484809906022
452	46	47	49	50	-1.06422786087677
453	46	47	50	51	-0.498201230185959
454	46	47	51	52	-0.30955283226223
455	46	47	52	53	-0.208498578458101
456	46	47	53	54	-0.147163747790344
457	46	47	54	55	-0.109498984621615
458	46	47	55	56	-0.085533817272713
459	46	47	56	57	-0.063223092559577
460	46	47	57	58	-0.051388982535243
461	47	48	49	50	-4.22900990036917
462	47	48	50	51	-1.06261017778103
463	47	48	51	52	-0.532492972916455
464	47	48	52	53	-0.321795689773088
465	47	48	53	54	-0.212277448141514
466	47	48	54	55	-0.150549539968619
467	47	48	55	56	-0.113595409643932
468	47	48	56	57	-0.081741544091613
469	47	48	57	58	-0.065023054618308
470	47	48	58	59	-0.044509899127872
471	48	49	50	51	-3.38543591548273
472	48	49	51	52	-0.94971142515259
473	48	49	52	53	-0.469365675735872
474	48	49	53	54	-0.279483071316715
475	48	49	54	55	-0.185281912708708
476	48	49	55	56	-0.134347797850008
477	48	49	56	57	-0.093516785929799
478	48	49	57	58	-0.072591287289504
479	48	49	58	59	-0.048554189901038
480	48	49	59	60	-0.04469532668683
481	49	50	51	52	-3.74675890638412
482	49	50	52	53	-1.01966388605834
483	49	50	53	54	-0.491408165609168
484	49	50	54	55	-0.293530827826036
485	49	50	55	56	-0.198779659540331
486	49	50	56	57	-0.132724398174052
487	49	50	57	58	-0.099435635279102
488	49	50	58	59	-0.065017938364594
489	49	50	59	60	-0.058295673038383
490	49	50	60	61	-0.045076338097441
491	50	51	52	53	-3.58735085290272
492	50	51	53	54	-0.980117735890809
493	50	51	54	55	-0.464824585220122
494	50	51	55	56	-0.287580452043078
495	50	51	56	57	-0.180159759737893
496	50	51	57	58	-0.129722826356876
497	50	51	58	59	-0.081532275221225
498	50	51	59	60	-0.072020130240249
499	50	51	60	61	-0.054282147337802
500	50	51	61	62	-0.039441966096387
501	51	52	53	54	-4.59527894945836
502	51	52	54	55	-1.04152997458618
503	51	52	55	56	-0.511920176667733
504	51	52	56	57	-0.288726715778311
505	51	52	57	58	-0.194910838354451
506	51	52	58	59	-0.116892198327811
507	51	52	59	60	-0.099937929211332
508	51	52	60	61	-0.073337677647864
509	51	52	61	62	-0.052219041080951
510	51	52	62	63	-0.041427208041506
511	52	53	54	55	-4.48540093335365
512	52	53	55	56	-1.1223726438132
513	52	53	56	57	-0.506136271150936
514	52	53	57	58	-0.305749168986428
515	52	53	58	59	-0.172499296136014
516	52	53	59	60	-0.139684015616382
517	52	53	60	61	-0.099571418093281
518	52	53	61	62	-0.068604293297258
519	52	53	62	63	-0.054068527560713
520	52	53	63	64	-0.045877378297053
521	53	54	55	56	-4.59403227693496
522	53	54	56	57	-1.11764628851994
523	53	54	57	58	-0.537345205689605
524	53	54	58	59	-0.271102104887067
525	53	54	59	60	-0.205531981859184
526	53	54	60	61	-0.13993898217444
527	53	54	61	62	-0.093021145072256
528	53	54	62	63	-0.07151383042139
529	53	54	63	64	-0.059133015721416
530	53	54	64	65	-0.041037284402633
531	54	55	56	57	-4.74276610636905
532	54	55	57	58	-1.20305442595325
533	54	55	58	59	-0.475068781089277
534	54	55	59	60	-0.328167114329478
535	54	55	60	61	-0.207737198376969
536	54	55	61	62	-0.132668264882212
537	54	55	62	63	-0.097509784689852
538	54	55	63	64	-0.079632279713941
539	54	55	64	65	-0.053501967518551
540	54	55	65	66	-0.047730944582636
541	55	56	57	58	-4.80693151201136
542	55	56	58	59	-1.01354142451644
543	55	56	59	60	-0.56485184790556
544	55	56	60	61	-0.322754604794035
545	55	56	61	62	-0.192478597597177
546	55	56	62	63	-0.136889546013703
547	55	56	63	64	-0.106287703495927
548	55	56	64	65	-0.070343583939497
549	55	56	65	66	-0.061176328266148
550	55	56	66	67	-0.044148744815554
551	56	57	58	59	-3.70915562562638
552	56	57	59	60	-1.17719498978164
553	56	57	60	61	-0.531649980437993
554	56	57	61	62	-0.284447737134899
555	56	57	62	63	-0.189119991364267
556	56	57	63	64	-0.139931350761913
557	56	57	64	65	-0.089381598531412
558	56	57	65	66	-0.075603699317348
559	56	57	66	67	-0.05330728352523
560	56	57	67	68	-0.042032092966022
561	57	58	59	60	-5.37433021998676
562	57	58	60	61	-1.21765407150309
563	57	58	61	62	-0.510970145630579
564	57	58	62	63	-0.30641090250509
565	57	58	63	64	-0.208272619375205
566	57	58	64	65	-0.128233571654283
567	57	58	65	66	-0.104192139485645
568	57	58	66	67	-0.07114037061624
569	57	58	67	68	-0.05515782240238
570	57	58	68	69	-0.050402915646171
571	58	59	60	61	-4.10169822505003
572	58	59	61	62	-0.962083744406748
573	58	59	62	63	-0.45665130301389
574	58	59	63	64	-0.280882205223037
575	58	59	64	65	-0.160493301243221
576	58	59	65	66	-0.12528357753953
577	58	59	66	67	-0.082734971997997
578	58	59	67	68	-0.062070106739542
579	58	59	68	69	-0.05543341946229
580	58	59	69	70	-0.042621221628187
581	59	60	61	62	-4.29077850178802
582	59	60	62	63	-1.14251991348701
583	59	60	63	64	-0.537516435731812
584	59	60	64	65	-0.283346458352523
585	59	60	65	66	-0.205405805804163
586	59	60	66	67	-0.128686625539799
587	59	60	67	68	-0.094398388220962
588	59	60	68	69	-0.082372641859556
589	59	60	69	70	-0.060536360360871
590	59	60	70	71	-0.044911469850723
591	60	61	62	63	-4.71087222179582
592	60	61	63	64	-1.15916279780651
593	60	61	64	65	-0.473419111452841
594	60	61	65	66	-0.310447645003177
595	60	61	66	67	-0.182346035841278
596	60	61	67	68	-0.126884343210627
597	60	61	68	69	-0.106668112674933
598	60	61	69	70	-0.077269555451171
599	60	61	70	71	-0.054961636193188
600	60	61	71	72	-0.047381823384105
601	61	62	63	64	-4.44341339035946
602	61	62	64	65	-0.928425876408596
603	61	62	65	66	-0.480676176774898
604	61	62	66	67	-0.25162574796816
605	61	62	67	68	-0.164794022045125
606	61	62	68	69	-0.132565847372807
607	61	62	69	70	-0.091742854890296
608	61	62	70	71	-0.064606292362679
609	61	62	71	72	-0.053708993155031
610	61	62	72	73	-0.048870491412627
611	62	63	64	65	-3.38120092159019
612	62	63	65	66	-1.01602216953245
613	62	63	66	67	-0.431163756117538
614	62	63	67	68	-0.249397627549844
615	62	63	68	69	-0.186923915946468
616	62	63	69	70	-0.128394286222908
617	62	63	70	71	-0.082259019924261
618	62	63	71	72	-0.070922213671244
619	62	63	72	73	-0.061861998322387
620	62	63	73	74	-0.045580773008653
621	63	64	65	66	-4.80755659782419
622	63	64	66	67	-1.03891440757048
623	63	64	67	68	-0.479236986768785
624	63	64	68	69	-0.321011543988496
625	63	64	69	70	-0.195379319651761
626	63	64	70	71	-0.12899774016044
627	63	64	71	72	-0.099329212440343
628	63	64	72	73	-0.08687367383046
629	63	64	73	74	-0.062202762005616
630	63	64	74	75	-0.048632112778081
631	64	65	66	67	-3.53426325627677
632	64	65	67	68	-0.891013321744225
633	64	65	68	69	-0.473551580302799
634	64	65	69	70	-0.266776701935388
635	64	65	70	71	-0.155522290297837
636	64	65	71	72	-0.121915405825273
637	64	65	72	73	-0.100883508079712
638	64	65	73	74	-0.070211465281803
639	64	65	74	75	-0.052551156770456
640	64	65	75	76	-0.042566055551877
641	65	66	67	68	-3.74254036777087
642	65	66	68	69	-1.12795980939613
643	65	66	69	70	-0.496165471945603
644	65	66	70	71	-0.26488618347845
645	65	66	71	72	-0.191766302464388
646	65	66	72	73	-0.153478307600532
647	65	66	73	74	-0.102806239744376
648	65	66	74	75	-0.07558571703981
649	65	66	75	76	-0.060104452155646
650	65	66	76	77	-0.046696238836446
651	66	67	68	69	-4.08603706750492
652	66	67	69	70	-0.974633419334542
653	66	67	70	71	-0.41992848825673
654	66	67	71	72	-0.268438506736235
655	66	67	72	73	-0.203736551016593
656	66	67	73	74	-0.129550467066369
657	66	67	74	75	-0.09265767842746
658	66	67	75	76	-0.07178824741672
659	66	67	76	77	-0.054031153458589
660	66	67	77	78	-0.042040764270498
661	67	68	69	70	-4.01715881303783
662	67	68	70	71	-0.85586277749958
663	67	68	71	72	-0.460497918666496
664	67	68	72	73	-0.31050244487709
665	67	68	73	74	-0.184087454312537
666	67	68	74	75	-0.124224008140702
667	67	68	75	76	-0.093056378143994
668	67	68	76	77	-0.069117139650375
669	67	68	77	78	-0.052614985268892
670	67	68	78	79	-0.041954087715668
671	68	69	70	71	-3.96685038748148
672	68	69	71	72	-1.20155776163531
673	68	69	72	73	-0.631790431634434
674	68	69	73	74	-0.329864947929639
675	68	69	74	75	-0.206494582901703
676	68	69	75	76	-0.147916800994624
677	68	69	76	77	-0.106520069743674
678	68	69	77	78	-0.078824239222033
679	68	69	78	79	-0.06149875618143
680	68	69	79	80	-0.049850196159993
681	69	70	71	72	-4.97806633196538
682	69	70	72	73	-1.43374628812312
683	69	70	73	74	-0.563876299718615
684	69	70	74	75	-0.323685521385396
685	69	70	75	76	-0.217348616518761
686	69	70	76	77	-0.143863889014979
687	69	70	77	78	-0.102565348258966
688	69	70	78	79	-0.077651424638744
689	69	70	79	80	-0.061458827230998
690	69	70	80	81	-0.049366161747071
691	70	71	72	73	-5.96960604502443
692	70	71	73	74	-1.15025020407302
693	70	71	74	75	-0.493037183904425
694	70	71	75	76	-0.300209482989642
695	70	71	76	77	-0.196684916749775
696	70	71	77	78	-0.13386329655237
697	70	71	78	79	-0.09812915905388
698	70	71	79	80	-0.075717792197402
699	70	71	80	81	-0.061287063325574
700	70	71	81	82	-0.042979551991144
701	71	72	73	74	-4.54059651163955
702	71	72	74	75	-1.08357829564598
703	71	72	75	76	-0.543527673407979
704	71	72	76	77	-0.306487997659945
705	71	72	77	78	-0.196955371814821
706	71	72	78	79	-0.138545300471652
707	71	72	79	80	-0.103430790840495
708	71	72	80	81	-0.079291021466954
709	71	72	81	82	-0.055564073330073
710	71	72	82	83	-0.048395735285532
711	72	73	74	75	-4.93000242366415
712	72	73	75	76	-1.31218513448352
713	72	73	76	77	-0.599039362384332
714	72	73	77	78	-0.347064165419617
715	72	73	78	79	-0.229896334876863
716	72	73	79	80	-0.164341750792745
717	72	73	80	81	-0.122825600307527
718	72	73	81	82	-0.083144035102247
719	72	73	82	83	-0.070643123645667
720	72	73	83	84	-0.051984420420037
721	73	74	75	76	-5.61759786254254
722	73	74	76	77	-1.26644199246495
723	73	74	77	78	-0.583675880755877
724	73	74	78	79	-0.350485828613751
725	73	74	79	80	-0.235206987617129
726	73	74	80	81	-0.167213992298463
727	73	74	81	82	-0.10943326529944
728	73	74	82	83	-0.090049424542022
729	73	74	83	84	-0.064887482318124
730	73	74	84	85	-0.043237748293028
731	74	75	76	77	-4.8422842729135
732	74	75	77	78	-1.16203589571782
733	74	75	78	79	-0.576725633908919
734	74	75	79	80	-0.35350946138812
735	74	75	80	81	-0.24001462820233
736	74	75	81	82	-0.149325296607382
737	74	75	82	83	-0.118585210021159
738	74	75	83	84	-0.081952694145193
739	74	75	84	85	-0.053586748607292
740	74	75	85	86	-0.043401665586351
741	75	76	77	78	-4.83037921431325
742	75	76	78	79	-1.24838371646606
743	75	76	79	80	-0.615946640968745
744	75	76	80	81	-0.38401266302121
745	75	76	81	82	-0.223048690897597
746	75	76	82	83	-0.169186199177101
747	75	76	83	84	-0.111791585969698
748	75	76	84	85	-0.071215848164655
749	75	76	85	86	-0.056086982565798
750	75	76	86	87	-0.049665756178491
751	76	77	78	79	-5.79344058886772
752	76	77	79	80	-1.37390481467788
753	76	77	80	81	-0.674376414681646
754	76	77	81	82	-0.355134227727157
755	76	77	82	83	-0.251338616758268
756	76	77	83	84	-0.160297746919162
757	76	77	84	85	-0.097696880384065
758	76	77	85	86	-0.074772506910409
759	76	77	86	87	-0.064135051138829
760	76	77	87	88	-0.042651540546853
761	77	78	79	80	-5.11629994293208
762	77	78	80	81	-1.38159424089578
763	77	78	81	82	-0.596160848217638
764	77	78	82	83	-0.382798637324558
765	77	78	83	84	-0.229870098971265
766	77	78	84	85	-0.133888456964919
767	77	78	85	86	-0.09871989341841
768	77	78	86	87	-0.08229949376841
769	77	78	87	88	-0.053420840685852
770	77	78	88	89	-0.045715069941092
771	78	79	80	81	-5.3693469014638
772	78	79	81	82	-1.24640976593453
773	78	79	82	83	-0.645568709828447
774	78	79	83	84	-0.352682068446954
775	78	79	84	85	-0.192877182049501
776	78	79	85	86	-0.135565548391049
777	78	79	86	87	-0.10901874176062
778	78	79	87	88	-0.068775987037198
779	78	79	88	89	-0.057707228493304
780	78	79	89	90	-0.045232394549262
781	79	80	81	82	-5.47299050564603
782	79	80	82	83	-1.40318946883491
783	79	80	83	84	-0.614320122877332
784	79	80	84	85	-0.300164831288108
785	79	80	85	86	-0.196806796257102
786	79	80	86	87	-0.150306763244858
787	79	80	87	88	-0.091621445854777
788	79	80	88	89	-0.074886892350338
789	79	80	89	90	-0.057520529090863
790	79	80	90	91	-0.049718368353821
791	80	81	82	83	-6.23631809153522
792	80	81	83	84	-1.44542289679348
793	80	81	84	85	-0.541583443639769
794	80	81	85	86	-0.314234481324623
795	80	81	86	87	-0.219611843819685
796	80	81	87	88	-0.128679139894033
797	80	81	88	89	-0.101559487216734
798	80	81	89	90	-0.075594724115551
799	80	81	90	91	-0.063941726056768
800	80	81	91	92	-0.043952040432091
801	81	82	83	84	-6.04881994061515
802	81	82	84	85	-1.17753000639164
803	81	82	85	86	-0.515197686481418
804	81	82	86	87	-0.311513766686662
805	81	82	87	88	-0.168539899338151
806	81	82	88	89	-0.126085498656377
807	81	82	89	90	-0.090243041270064
808	81	82	90	91	-0.074053673096236
809	81	82	91	92	-0.049697685122919
810	81	82	92	93	-0.046077200696835
811	82	83	84	85	-6.2478212491452
812	82	83	85	86	-1.41271242752056
813	82	83	86	87	-0.630118410551925
814	82	83	87	88	-0.298490868051176
815	82	83	88	89	-0.206595270793133
816	82	83	89	90	-0.140002337437355
817	82	83	90	91	-0.110221138920088
818	82	83	91	92	-0.071674819915598
819	82	83	92	93	-0.064939482819261
820	82	83	93	94	-0.047969670039355
821	83	84	85	86	-5.82182354891042
822	83	84	86	87	-1.33599558786588
823	83	84	87	88	-0.477019717841114
824	83	84	88	89	-0.29317091496577
825	83	84	89	90	-0.185320989020419
826	83	84	90	91	-0.138224452750443
827	83	84	91	92	-0.08587627079484
828	83	84	92	93	-0.076603085931454
829	83	84	93	94	-0.055184697850748
830	83	84	94	95	-0.041766466550839
831	84	85	86	87	-5.84970704845997
832	84	85	87	88	-1.01995333889607
833	84	85	88	89	-0.479311173296317
834	84	85	89	90	-0.264705716229284
835	84	85	90	91	-0.181185298972681
836	84	85	91	92	-0.106012713752834
837	84	85	92	93	-0.090055811578589
838	84	85	93	94	-0.062805601762722
839	84	85	94	95	-0.04627839574569
840	84	85	95	96	-0.038866856169411
841	85	86	87	88	-4.65205279182411
842	85	86	88	89	-1.16959014632088
843	85	86	89	90	-0.502991577738276
844	85	86	90	91	-0.302155081165379
845	85	86	91	92	-0.162407404598716
846	85	86	92	93	-0.131342773325599
847	85	86	93	94	-0.087680961830183
848	85	86	94	95	-0.062646390124384
849	85	86	95	96	-0.051541018075878
850	86	87	88	89	-5.91277022338946
851	86	87	89	90	-1.37538702372316
852	86	87	90	91	-0.631577938369931
853	86	87	91	92	-0.297371079206031
854	86	87	92	93	-0.221333526213418
855	86	87	93	94	-0.139567420779762
856	86	87	94	95	-0.095351686952286
857	86	87	95	96	-0.075897015137038
858	87	88	89	90	-4.58176264585554
859	87	88	90	91	-1.16571068787126
860	87	88	91	92	-0.430258934740971
861	87	88	92	93	-0.289539439283445
862	87	88	93	94	-0.169196892874313
863	87	88	94	95	-0.110023806514042
864	87	88	95	96	-0.084733920840682
865	88	89	90	91	-5.07451547650686
866	88	89	91	92	-0.989943117755604
867	88	89	92	93	-0.539943124649128
868	88	89	93	94	-0.279325172462813
869	88	89	94	95	-0.168962768624222
870	88	89	95	96	-0.124134529901576
871	89	90	91	92	-3.98074701128575
872	89	90	92	93	-1.20528215869995
873	89	90	93	94	-0.486068826942826
874	89	90	94	95	-0.259262739047685
875	89	90	95	96	-0.177257301064787
876	90	91	92	93	-5.26499147168245
877	90	91	93	94	-1.15987959730822
878	90	91	94	95	-0.488906855807602
879	90	91	95	96	-0.300394868582246
880	91	92	93	94	-4.17175008268683
881	91	92	94	95	-0.936090267698966
882	91	92	95	96	-0.460761689838438
883	92	93	94	95	-4.12677759959489
884	92	93	95	96	-1.17461291495587
885	93	94	95	96	-4.47408322409372
886	1	3	4	6	-8.0473380496584
887	1	3	5	7	-3.51206075662854
888	1	3	6	8	-1.77040947525647
889	1	3	7	9	-1.12084225678787
890	1	3	8	10	-0.826522955544326
891	1	3	9	11	-0.570893452736958
892	1	3	10	12	-0.401148778769628
893	1	3	11	13	-0.322534918007109
894	1	3	12	14	-0.293594559029723
895	2	4	5	7	-12.0336812072916
896	2	4	6	8	-3.69871473541696
897	2	4	7	9	-1.96304607080539
898	2	4	8	10	-1.33629470989834
899	2	4	9	11	-0.872825531646583
900	2	4	10	12	-0.590069134876911
901	2	4	11	13	-0.462551985164181
902	2	4	12	14	-0.410686415779153
903	2	4	13	15	-0.321576856838192
904	3	5	6	8	-8.58569539508631
905	3	5	7	9	-3.14713667046977
906	3	5	8	10	-1.89709677371212
907	3	5	9	11	-1.15584198549828
908	3	5	10	12	-0.749381402575091
909	3	5	11	13	-0.570894246407365
910	3	5	12	14	-0.495159053114305
911	3	5	13	15	-0.378930950484667
912	3	5	14	16	-0.288428911736902
913	4	6	7	9	-8.32226857443222
914	4	6	8	10	-3.35299518325142
915	4	6	9	11	-1.70937710518883
916	4	6	10	12	-1.02211325773422
917	4	6	11	13	-0.730921067635519
918	4	6	12	14	-0.613968213565758
919	4	6	13	15	-0.455793479101438
920	4	6	14	16	-0.338138355496215
921	4	6	15	17	-0.265468718345011
922	5	7	8	10	-9.89995832893775
923	5	7	9	11	-3.27984949696253
924	5	7	10	12	-1.69718738232055
925	5	7	11	13	-1.12332227482166
926	5	7	12	14	-0.901567711504604
927	5	7	13	15	-0.642112434683656
928	5	7	14	16	-0.459870356220813
929	5	7	15	17	-0.352362701714464
930	5	7	16	18	-0.282693955686719
931	6	8	9	11	-7.94362687095835
932	6	8	10	12	-2.96994632007988
933	6	8	11	13	-1.72031373181001
934	6	8	12	14	-1.29140547123996
935	6	8	13	15	-0.870724407779411
936	6	8	14	16	-0.594808312420175
937	6	8	15	17	-0.443324780050669
938	6	8	16	18	-0.347008133742677
939	6	8	17	19	-0.272612755635957
940	7	9	10	12	-8.92954502516376
941	7	9	11	13	-3.53344232934956
942	7	9	12	14	-2.28310747507332
943	7	9	13	15	-1.40193466529277
944	7	9	14	16	-0.892737501271634
945	7	9	15	17	-0.642412814153588
946	7	9	16	18	-0.488280192974719
947	7	9	17	19	-0.370587607408817
948	7	9	18	20	-0.269575447210413
949	8	10	11	13	-9.61413291523441
950	8	10	12	14	-4.54999876915498
951	8	10	13	15	-2.39930266431737
952	8	10	14	16	-1.39063583226338
953	8	10	15	17	-0.945764902936265
954	8	10	16	18	-0.688708203490534
955	8	10	17	19	-0.507185673631014
956	8	10	18	20	-0.359567375482127
957	8	10	19	21	-0.273945107590337
958	9	11	12	14	-12.1959213092196
959	9	11	13	15	-4.47519374938037
960	9	11	14	16	-2.16823470213056
961	9	11	15	17	-1.37154228636267
962	9	11	16	18	-0.948995357941116
963	9	11	17	19	-0.663576348148225
964	9	11	18	20	-0.455387989845499
965	9	11	19	21	-0.337149332114212
966	9	11	20	22	-0.263784113502478
967	10	12	13	15	-10.9393331756063
968	10	12	14	16	-3.74487860115092
969	10	12	15	17	-2.0301736154569
970	10	12	16	18	-1.27901813247814
971	10	12	17	19	-0.857504618103152
972	10	12	18	20	-0.563549928120923
973	10	12	19	21	-0.405096038820275
974	10	12	20	22	-0.310363729331603
975	10	12	21	23	-0.239528363866699
976	11	13	14	16	-10.2178818090581
977	11	13	15	17	-4.00675271541264
978	11	13	16	18	-2.15781569311285
979	11	13	17	19	-1.35228818216437
980	11	13	18	20	-0.837385999372487
981	11	13	19	21	-0.57793659658292
982	11	13	20	22	-0.431176468947997
983	11	13	21	23	-0.321389685827473
984	11	13	22	24	-0.241427614721476
985	12	14	15	17	-11.8279938374077
986	12	14	16	18	-4.49718701311332
987	12	14	17	19	-2.49289146333204
988	12	14	18	20	-1.42072987799521
989	12	14	19	21	-0.926473369670042
990	12	14	20	22	-0.666280301807883
991	12	14	21	23	-0.480221709470305
992	12	14	22	24	-0.352061319486589
993	12	14	23	25	-0.274248291104744
994	13	15	16	18	-12.8281563922179
995	13	15	17	19	-5.06363905799073
996	13	15	18	20	-2.48221113771069
997	13	15	19	21	-1.47416985754483
998	13	15	20	22	-1.00217683566609
999	13	15	21	23	-0.691449413538841
1000	13	15	22	24	-0.48999338876759
1001	13	15	23	25	-0.371315218278548
1002	13	15	24	26	-0.299473724086646
1003	14	16	17	19	-14.0569384920728
1004	14	16	18	20	-4.92515509448872
1005	14	16	19	21	-2.51711368197206
1006	14	16	20	22	-1.57368097972485
1007	14	16	21	23	-1.0316858830444
1008	14	16	22	24	-0.698663632067934
1009	14	16	23	25	-0.512198036118532
1010	14	16	24	26	-0.402669170157576
1011	14	16	25	27	-0.302960194896301
1012	15	17	18	20	-12.9274121037016
1013	15	17	19	21	-4.78865127912052
1014	15	17	20	22	-2.65184575996378
1015	15	17	21	23	-1.59582355250908
1016	15	17	22	24	-1.02253905428044
1017	15	17	23	25	-0.718083609687469
1018	15	17	24	26	-0.548457189515447
1019	15	17	25	27	-0.401993041255773
1020	15	17	26	28	-0.322785334599552
1021	16	18	19	21	-12.8167697515176
1022	16	18	20	22	-5.44331584476259
1023	16	18	21	23	-2.85614182138716
1024	16	18	22	24	-1.67750929456225
1025	16	18	23	25	-1.11014162409019
1026	16	18	24	26	-0.814811115609804
1027	16	18	25	27	-0.575768512227169
1028	16	18	26	28	-0.45017021841987
1029	16	18	27	29	-0.321679568021651
1030	17	19	20	22	-13.7310499915341
1031	17	19	21	23	-5.53034746089116
1032	17	19	22	24	-2.83668760611663
1033	17	19	23	25	-1.72834620815641
1034	17	19	24	26	-1.20665322137471
1035	17	19	25	27	-0.813641164012108
1036	17	19	26	28	-0.61650695336632
1037	17	19	27	29	-0.429261345956283
1038	17	19	28	30	-0.307404779400765
1039	18	20	21	23	-13.4031807109521
1040	18	20	22	24	-5.20319044248667
1041	18	20	23	25	-2.77084943008507
1042	18	20	24	26	-1.79546038254729
1043	18	20	25	27	-1.13917703258498
1044	18	20	26	28	-0.827587872715434
1045	18	20	27	29	-0.555280802574337
1046	18	20	28	30	-0.385259404068115
1047	18	20	29	31	-0.299176848076543
1048	19	21	22	24	-13.0533748160395
1049	19	21	23	25	-5.32411108904463
1050	19	21	24	26	-3.06529998077213
1051	19	21	25	27	-1.76901978492669
1052	19	21	26	28	-1.21517915678146
1053	19	21	27	29	-0.780144178198112
1054	19	21	28	30	-0.522812585048183
1055	19	21	29	31	-0.393798023783005
1056	19	21	30	32	-0.286028272711456
1057	20	22	23	25	-12.2908803876721
1058	20	22	24	26	-5.77623950468526
1059	20	22	25	27	-2.91650553250983
1060	20	22	26	28	-1.85989210264114
1061	20	22	27	29	-1.12844387822648
1062	20	22	28	30	-0.723144510490491
1063	20	22	29	31	-0.525789157527417
1064	20	22	30	32	-0.372058557007002
1065	20	22	31	33	-0.264125364268222
1066	21	23	24	26	-14.7358198681386
1067	21	23	25	27	-5.6563198674618
1068	21	23	26	28	-3.21121529946959
1069	21	23	27	29	-1.79280534339274
1070	21	23	28	30	-1.08016771499624
1071	21	23	29	31	-0.748874096681559
1072	21	23	30	32	-0.512272073406959
1073	21	23	31	33	-0.353625105488872
1074	21	23	32	34	-0.28312982227755
1075	22	24	25	27	-12.2600339118703
1076	22	24	26	28	-5.5987816809101
1077	22	24	27	29	-2.78817718731815
1078	22	24	28	30	-1.55865345413669
1079	22	24	29	31	-1.02389599919014
1080	22	24	30	32	-0.673671527294999
1081	22	24	31	33	-0.451173288682133
1082	22	24	32	34	-0.352674592070326
1083	22	24	33	35	-0.274738966072791
1084	23	25	26	28	-14.6462524403878
1085	23	25	27	29	-5.50245205576042
1086	23	25	28	30	-2.6891491012257
1087	23	25	29	31	-1.62091140387633
1088	23	25	30	32	-1.00725538591273
1089	23	25	31	33	-0.645438585212182
1090	23	25	32	34	-0.487734501517188
1091	23	25	33	35	-0.367572680739249
1092	23	25	34	36	-0.297187502463238
1093	24	26	27	29	-13.3200886186207
1094	24	26	28	30	-5.13747820288926
1095	24	26	29	31	-2.73674250105951
1096	24	26	30	32	-1.57289939270001
1097	24	26	31	33	-0.954288405424716
1098	24	26	32	34	-0.69397118521155
1099	24	26	33	35	-0.506452785999042
1100	24	26	34	36	-0.398513663888312
1101	24	26	35	37	-0.29076380726028
1102	25	27	28	30	-12.7982702581337
1103	25	27	29	31	-5.29598571364284
1104	25	27	30	32	-2.685028113488
1105	25	27	31	33	-1.50484070114348
1106	25	27	32	34	-1.0417691997033
1107	25	27	33	35	-0.73147329141416
1108	25	27	34	36	-0.554961611098109
1109	25	27	35	37	-0.393752940771429
1110	25	27	36	38	-0.25756945213234
1111	26	28	29	31	-13.0301246502653
1112	26	28	30	32	-5.07266331697721
1113	26	28	31	33	-2.52446198963192
1114	26	28	32	34	-1.63466875550888
1115	26	28	33	35	-1.09171596803218
1116	26	28	34	36	-0.795930321517094
1117	26	28	35	37	-0.548366336819732
1118	26	28	36	38	-0.350014059314768
1119	26	28	37	39	-0.25984577167458
1120	27	29	30	32	-11.1327004285236
1121	27	29	31	33	-4.26906080592208
1122	27	29	32	34	-2.47855327206026
1123	27	29	33	35	-1.52934436312283
1124	27	29	34	36	-1.06195381302475
1125	27	29	35	37	-0.705525112613896
1126	27	29	36	38	-0.436608653028138
1127	27	29	37	39	-0.316415743336023
1128	27	29	38	40	-0.245483143454758
1129	28	30	31	33	-9.99328749306116
1130	28	30	32	34	-4.47623773485959
1131	28	30	33	35	-2.38519937492818
1132	28	30	34	36	-1.53687768308
1133	28	30	35	37	-0.971303173510513
1134	28	30	36	38	-0.576105322413016
1135	28	30	37	39	-0.404832396892745
1136	28	30	38	40	-0.306859871180148
1137	28	30	39	41	-0.23305927079123
1138	29	31	32	34	-12.4060766336647
1139	29	31	33	35	-4.62493424937487
1140	29	31	34	36	-2.60430176773009
1141	29	31	35	37	-1.5260542694489
1142	29	31	36	38	-0.858880247141011
1143	29	31	37	39	-0.580896403079994
1144	29	31	38	40	-0.427759644227681
1145	29	31	39	41	-0.317235347286338
1146	29	31	40	42	-0.239970780129718
1147	30	32	33	35	-10.7549368465243
1148	30	32	34	36	-4.35040695778062
1149	30	32	35	37	-2.23079098219793
1150	30	32	36	38	-1.16208034804628
1151	30	32	37	39	-0.749726926507708
1152	30	32	38	40	-0.534362041022084
1153	30	32	39	41	-0.386137004151413
1154	30	32	40	42	-0.285914237311126
1155	30	32	41	43	-0.223817886367901
1156	31	33	34	36	-10.9786572344294
1157	31	33	35	37	-3.88139172210533
1158	31	33	36	38	-1.73695743603469
1159	31	33	37	39	-1.03463410466611
1160	31	33	38	40	-0.702152166721746
1161	31	33	39	41	-0.48964294498079
1162	31	33	40	42	-0.352132994001272
1163	31	33	41	43	-0.269006759361934
1164	31	33	42	44	-0.215070656525543
1165	32	34	35	37	-11.9236604384401
1166	32	34	36	38	-3.47568586960312
1167	32	34	37	39	-1.73469796382779
1168	32	34	38	40	-1.08521774417477
1169	32	34	39	41	-0.715006240241341
1170	32	34	40	42	-0.495366628785241
1171	32	34	41	43	-0.367898454511029
1172	32	34	42	44	-0.284751587584468
1173	32	34	43	45	-0.216785519630973
1174	33	35	36	38	-10.9666236987265
1175	33	35	37	39	-3.45841274803914
1176	33	35	38	40	-1.82779096758642
1177	33	35	39	41	-1.10306225489721
1178	33	35	40	42	-0.724748166523675
1179	33	35	41	43	-0.517518058888497
1180	33	35	42	44	-0.385300683652458
1181	33	35	43	45	-0.287010642409646
1182	33	35	44	46	-0.238119282074912
1183	34	36	37	39	-11.7178626065335
1184	34	36	38	40	-3.7674677376611
1185	34	36	39	41	-1.92338246679769
1186	34	36	40	42	-1.15996764160114
1187	34	36	41	43	-0.782488428546099
1188	34	36	42	44	-0.560231743659626
1189	34	36	43	45	-0.404018557433194
1190	34	36	44	46	-0.326325081388372
1191	34	36	45	47	-0.266739630022331
1192	35	37	38	40	-9.56385059269147
1193	35	37	39	41	-3.27426302953075
1194	35	37	40	42	-1.72589567292946
1195	35	37	41	43	-1.07830612468744
1196	35	37	42	44	-0.735211828980314
1197	35	37	43	45	-0.509896359555588
1198	35	37	44	46	-0.399867294856893
1199	35	37	45	47	-0.319800374009264
1200	35	37	46	48	-0.244554244905179
1201	36	38	39	41	-7.09958532221684
1202	36	38	40	42	-2.65273593935909
1203	36	38	41	43	-1.46309142451739
1204	36	38	42	44	-0.927274785426263
1205	36	38	43	45	-0.611583962270994
1206	36	38	44	46	-0.462040151314163
1207	36	38	45	47	-0.359536547177973
1208	36	38	46	48	-0.268643327730154
1209	36	38	47	49	-0.199048360707969
1210	37	39	40	42	-6.72364883434377
1211	37	39	41	43	-2.55165468689462
1212	37	39	42	44	-1.42370693667186
1213	37	39	43	45	-0.868579162316604
1214	37	39	44	46	-0.622228266977248
1215	37	39	45	47	-0.467403761495179
1216	37	39	46	48	-0.339051366265699
1217	37	39	47	49	-0.245457850908766
1218	37	39	48	50	-0.182825541478708
1219	38	40	41	43	-6.58330297304529
1220	38	40	42	44	-2.55113696411714
1221	38	40	43	45	-1.36056505496167
1222	38	40	44	46	-0.90114493011775
1223	38	40	45	47	-0.646782898468327
1224	38	40	46	48	-0.451748698597448
1225	38	40	47	49	-0.317899234493658
1226	38	40	48	50	-0.231473443126359
1227	38	40	49	51	-0.184724476148291
1228	39	41	42	44	-6.56978191054769
1229	39	41	43	45	-2.43001230296653
1230	39	41	44	46	-1.40835987217203
1231	39	41	45	47	-0.937753831287235
1232	39	41	46	48	-0.621948077143453
1233	39	41	47	49	-0.422020366400323
1234	39	41	48	50	-0.298076050527267
1235	39	41	49	51	-0.23248783989718
1236	39	41	50	52	-0.18389456399072
1237	40	42	43	45	-6.08040186750088
1238	40	42	44	46	-2.42272836950194
1239	40	42	45	47	-1.43561689411148
1240	40	42	46	48	-0.882899958492812
1241	40	42	47	49	-0.56975834998015
1242	40	42	48	50	-0.387977321234711
1243	40	42	49	51	-0.294749046013988
1244	40	42	50	52	-0.226991463589332
1245	40	42	51	53	-0.186821516043779
1246	41	43	44	46	-6.40405048943852
1247	41	43	45	47	-2.64384078363208
1248	41	43	46	48	-1.41421070706255
1249	41	43	47	49	-0.84728270532351
1250	41	43	48	50	-0.547805330724437
1251	41	43	49	51	-0.401366535041473
1252	41	43	50	52	-0.300054691109214
1253	41	43	51	53	-0.241437786780367
1254	41	43	52	54	-0.195342846774554
1255	42	44	45	47	-7.10470504473656
1256	42	44	46	48	-2.53144927420489
1257	42	44	47	49	-1.33480345630236
1258	42	44	48	50	-0.79918589188951
1259	42	44	49	51	-0.557931217309423
1260	42	44	50	52	-0.404173263817458
1261	42	44	51	53	-0.315649083253122
1262	42	44	52	54	-0.248757339163595
1263	42	44	53	55	-0.199871650518089
1264	43	45	46	48	-6.39349483059428
1265	43	45	47	49	-2.30405849953073
1266	43	45	48	50	-1.20676673954264
1267	43	45	49	51	-0.785261936804146
1268	43	45	50	52	-0.540502311286122
1269	43	45	51	53	-0.407927306691633
1270	43	45	52	54	-0.313410326913422
1271	43	45	53	55	-0.245816609794944
1272	43	45	54	56	-0.199373412339719
1273	44	46	47	49	-6.72407459614953
1274	44	46	48	50	-2.30913643902189
1275	44	46	49	51	-1.3051745948068
1276	44	46	50	52	-0.828467333399646
1277	44	46	51	53	-0.595014050580484
1278	44	46	52	54	-0.441016440954183
1279	44	46	53	55	-0.335565768206366
1280	44	46	54	56	-0.265929896785482
1281	44	46	55	57	-0.209441017647496
1282	45	47	48	50	-6.2039583504493
1283	45	47	49	51	-2.40251086347011
1284	45	47	50	52	-1.32420621239175
1285	45	47	51	53	-0.881131201499472
1286	45	47	52	54	-0.620496843622227
1287	45	47	53	55	-0.455320889171887
1288	45	47	54	56	-0.351142021770484
1289	45	47	55	57	-0.270616222080078
1290	45	47	56	58	-0.210326043149543
1291	46	48	49	51	-6.8466059507821
1292	46	48	50	52	-2.40130756772114
1293	46	48	51	53	-1.37316694294989
1294	46	48	52	54	-0.890397820383545
1295	46	48	53	55	-0.619328275694171
1296	46	48	54	56	-0.459360721518417
1297	46	48	55	57	-0.344230806179647
1298	46	48	56	58	-0.26136887755899
1299	46	48	57	59	-0.196808632466835
1300	47	49	50	52	-5.92631655651843
1301	47	49	51	53	-2.27509283529415
1302	47	49	52	54	-1.28452565299186
1303	47	49	53	55	-0.82737108100967
1304	47	49	54	56	-0.58416479316432
1305	47	49	55	57	-0.423392857565591
1306	47	49	56	58	-0.312994440470928
1307	47	49	57	59	-0.230793175967178
1308	47	49	58	60	-0.17942361618944
1309	48	50	51	53	-6.18892236508398
1310	48	50	52	54	-2.26313645729235
1311	48	50	53	55	-1.24987939140682
1312	48	50	54	56	-0.812510713359525
1313	48	50	55	57	-0.559802795832333
1314	48	50	56	58	-0.398390588174442
1315	48	50	57	59	-0.285875101680245
1316	48	50	58	60	-0.216780497035782
1317	48	50	59	61	-0.183309008459381
1318	49	51	52	54	-6.08977143754749
1319	49	51	53	55	-2.2297195526665
1320	49	51	54	56	-1.2455644105788
1321	49	51	55	57	-0.799519831513201
1322	49	51	56	58	-0.542157148739736
1323	49	51	57	59	-0.375868012430919
1324	49	51	58	60	-0.277087469105783
1325	49	51	59	61	-0.229793114971694
1326	49	51	60	62	-0.171934556420088
1327	50	52	53	55	-7.07731225597607
1328	50	52	54	56	-2.30647749709355
1329	50	52	55	57	-1.26891294846627
1330	50	52	56	58	-0.793462293086668
1331	50	52	57	59	-0.523268159183139
1332	50	52	58	60	-0.370612298528675
1333	50	52	59	61	-0.299794349180182
1334	50	52	60	62	-0.219233153549619
1335	50	52	61	63	-0.164905579111841
1336	51	53	54	56	-7.1614768433496
1337	51	53	55	57	-2.43013808442884
1338	51	53	56	58	-1.29584045120127
1339	51	53	57	59	-0.790345115537405
1340	51	53	58	60	-0.529423208987872
1341	51	53	59	61	-0.412780671561649
1342	51	53	60	62	-0.293758671443084
1343	51	53	61	63	-0.216285862608384
1344	51	53	62	64	-0.178056059537042
1345	52	54	55	57	-7.33889604352696
1346	52	54	56	58	-2.46712980208674
1347	52	54	57	59	-1.28750000676876
1348	52	54	58	60	-0.789336898953795
1349	52	54	59	61	-0.585181130482671
1350	52	54	60	62	-0.401156501574407
1351	52	54	61	63	-0.287268956380003
1352	52	54	62	64	-0.230858453455925
1353	52	54	63	65	-0.178574178278154
1354	53	55	56	58	-7.60116672698997
1355	53	55	57	59	-2.48752100032617
1356	53	55	58	60	-1.28082237867148
1357	53	55	59	61	-0.881766298955729
1358	53	55	60	62	-0.573328557538231
1359	53	55	61	63	-0.394649689197914
1360	53	55	62	64	-0.3081296739935
1361	53	55	63	65	-0.233487103443422
1362	53	55	64	66	-0.179426849460975
1363	54	56	57	59	-7.50056200760654
1364	54	56	58	60	-2.38353763069204
1365	54	56	59	61	-1.42474455110252
1366	54	56	60	62	-0.855632452686003
1367	54	56	61	63	-0.559661042353836
1368	54	56	62	64	-0.420812867032381
1369	54	56	63	65	-0.310184119642822
1370	54	56	64	66	-0.232912228090839
1371	54	56	65	67	-0.18840397766305
1372	55	57	58	60	-6.46470819232142
1373	55	57	59	61	-2.59788706234089
1374	55	57	60	62	-1.33137844781271
1375	55	57	61	63	-0.802821798948978
1376	55	57	62	64	-0.572897579928811
1377	55	57	63	65	-0.406331467440686
1378	55	57	64	66	-0.296715791361788
1379	55	57	65	67	-0.234349502061139
1380	55	57	66	68	-0.175032409760728
1381	56	58	59	61	-8.30530853781556
1382	56	58	60	62	-2.54456502904327
1383	56	58	61	63	-1.29095433776157
1384	56	58	62	64	-0.844542813941976
1385	56	58	63	65	-0.56637192030629
1386	56	58	64	66	-0.397613411695353
1387	56	58	65	67	-0.304469716364413
1388	56	58	66	68	-0.221707547111707
1389	56	58	67	69	-0.186705409865811
1390	57	59	60	62	-6.79185254399372
1391	57	59	61	63	-2.23591138870655
1392	57	59	62	64	-1.25380006778254
1393	57	59	63	65	-0.778605606943611
1394	57	59	64	66	-0.518573246967851
1395	57	59	65	67	-0.383607352144667
1396	57	59	66	68	-0.271257908817567
1397	57	59	67	69	-0.223053165527097
1398	57	59	68	70	-0.187647083182185
1399	58	60	61	63	-6.85236015879763
1400	58	60	62	64	-2.4207858552314
1401	58	60	63	65	-1.26367852563331
1402	58	60	64	66	-0.774950526847049
1403	58	60	65	67	-0.542502893721289
1404	58	60	66	68	-0.368019088609591
1405	58	60	67	69	-0.294351355550559
1406	58	60	68	70	-0.241050790752644
1407	58	60	69	71	-0.179182538935205
1408	59	61	62	64	-7.5613850632021
1409	59	61	63	65	-2.45597091936063
1410	59	61	64	66	-1.27352501353252
1411	59	61	65	67	-0.827298219188574
1412	59	61	66	68	-0.532517286462912
1413	59	61	67	69	-0.410347308441703
1414	59	61	68	70	-0.327032427761967
1415	59	61	69	71	-0.237784154069324
1416	59	61	70	72	-0.185927688576201
1417	60	62	63	65	-7.01025577398564
1418	60	62	64	66	-2.19398290866702
1419	60	62	65	67	-1.22593359264334
1420	60	62	66	68	-0.725762443562258
1421	60	62	67	69	-0.531017367704919
1422	60	62	68	70	-0.408426850199516
1423	60	62	69	71	-0.288794492106418
1424	60	62	70	72	-0.220783190298805
1425	60	62	71	73	-0.193630378936453
1426	61	63	64	66	-5.80345780948485
1427	61	63	65	67	-2.18025244731502
1428	61	63	66	68	-1.09730372504834
1429	61	63	67	69	-0.733666451179486
1430	61	63	68	70	-0.539890869055362
1431	61	63	69	71	-0.367217018338004
1432	61	63	70	72	-0.271717703766712
1433	61	63	71	73	-0.235422980856436
1434	61	63	72	74	-0.192975210335199
1435	62	64	65	67	-7.29387162406684
1436	62	64	66	68	-2.19893765980504
1437	62	64	67	69	-1.23689894997825
1438	62	64	68	70	-0.832081679776975
1439	62	64	69	71	-0.535444316627305
1440	62	64	70	72	-0.381769368370424
1441	62	64	71	73	-0.319173092956177
1442	62	64	72	74	-0.256513566073723
1443	62	64	73	75	-0.191803721460611
1444	63	65	66	68	-5.94218869300746
1445	63	65	67	69	-2.1653566843617
1446	63	65	68	70	-1.25775433297106
1447	63	65	69	71	-0.747263987008569
1448	63	65	70	72	-0.506247596468416
1449	63	65	71	73	-0.409227868625487
1450	63	65	72	74	-0.32030147587992
1451	63	65	73	75	-0.233747258575146
1452	63	65	74	76	-0.184178733104175
1453	64	66	67	69	-6.23264665744774
1454	64	66	68	70	-2.36543356854434
1455	64	66	69	71	-1.18424331812852
1456	64	66	70	72	-0.734476908644732
1457	64	66	71	73	-0.568278940474012
1458	64	66	72	74	-0.427350517217036
1459	64	66	73	75	-0.301348024343019
1460	64	66	74	76	-0.230960317003385
1461	64	66	75	77	-0.183499533853419
1462	65	67	68	70	-6.68672680734077
1463	65	67	69	71	-2.15671627633913
1464	65	67	70	72	-1.14577210913143
1465	65	67	71	73	-0.817536615590392
1466	65	67	72	74	-0.589510128646477
1467	65	67	73	75	-0.400705257898757
1468	65	67	74	76	-0.300325848666734
1469	65	67	75	77	-0.232683338594986
1470	65	67	76	78	-0.179862250189041
1471	66	68	69	71	-6.26734758302953
1472	66	68	70	72	-2.00548809980502
1473	66	68	71	73	-1.24361127086044
1474	66	68	72	74	-0.827557473337366
1475	66	68	73	75	-0.530690789177001
1476	66	68	74	76	-0.381852663914087
1477	66	68	75	77	-0.288104252390034
1478	66	68	76	78	-0.217806102050582
1479	66	68	77	79	-0.170748334074722
1480	67	69	70	72	-6.48634767603064
1481	67	69	71	73	-2.60471714752807
1482	67	69	72	74	-1.45564285427875
1483	67	69	73	75	-0.844746471062062
1484	67	69	74	76	-0.571975742765812
1485	67	69	75	77	-0.416697972874385
1486	67	69	76	78	-0.307163239121034
1487	67	69	77	79	-0.23492768568308
1488	67	69	78	80	-0.188038414333267
1489	68	70	71	73	-8.24621450230954
1490	68	70	72	74	-2.95552319015839
1491	68	70	73	75	-1.42442340212783
1492	68	70	74	76	-0.895720717377216
1493	68	70	75	77	-0.615907447901849
1494	68	70	76	78	-0.431852942152156
1495	68	70	77	79	-0.320650644558131
1496	68	70	78	80	-0.250507253549304
1497	68	70	79	81	-0.202482450424441
1498	69	71	72	74	-9.0889344379547
1499	69	71	73	75	-2.53095674220927
1500	69	71	74	76	-1.33496118963664
1501	69	71	75	77	-0.858250823660973
1502	69	71	76	78	-0.577118506210441
1503	69	71	77	79	-0.412271042808395
1504	69	71	78	80	-0.313095926030701
1505	69	71	79	81	-0.247956745016924
1506	69	71	80	82	-0.189788582307312
1507	70	72	73	75	-7.26809398068847
1508	70	72	74	76	-2.42128709178503
1509	70	72	75	77	-1.34756382814766
1510	70	72	76	78	-0.834134361056839
1511	70	72	77	79	-0.567732622957857
1512	70	72	78	80	-0.415982260129299
1513	70	72	79	81	-0.319985697155549
1514	70	72	80	82	-0.239267886220104
1515	70	72	81	83	-0.185061356484771
1516	71	73	74	76	-7.86184593847848
1517	71	73	75	77	-2.7604730462942
1518	71	73	76	78	-1.44947527830169
1519	71	73	77	79	-0.9123239017455
1520	71	73	78	80	-0.636287888890114
1521	71	73	79	81	-0.470043214792326
1522	71	73	80	82	-0.340955079216855
1523	71	73	81	83	-0.257712700661037
1524	71	73	82	84	-0.207748527152413
1525	72	74	75	77	-8.78946613442245
1526	72	74	76	78	-2.79564971033319
1527	72	74	77	79	-1.5113820458483
1528	72	74	78	80	-0.980004544824611
1529	72	74	79	81	-0.689988610395642
1530	72	74	80	82	-0.482781694564599
1531	72	74	81	83	-0.353323096823992
1532	72	74	82	84	-0.277551657251934
1533	72	74	83	85	-0.195656120095371
1534	73	75	76	78	-7.85199324467253
1535	73	75	77	79	-2.67311289118203
1536	73	75	78	80	-1.51649362047809
1537	73	75	79	81	-0.996355380749052
1538	73	75	80	82	-0.666346998650594
1539	73	75	81	83	-0.46740481571867
1540	73	75	82	84	-0.355582439697966
1541	73	75	83	85	-0.243776412579334
1542	73	75	84	86	-0.176198145634891
1543	74	76	77	79	-7.81514866553497
1544	74	76	78	80	-2.79528377669598
1545	74	76	79	81	-1.59455079744724
1546	74	76	80	82	-0.996768111254251
1547	74	76	81	83	-0.660258409412159
1548	74	76	82	84	-0.481554237340823
1549	74	76	83	85	-0.318768470474599
1550	74	76	84	86	-0.224313719510202
1551	74	76	85	87	-0.188212736940971
1552	75	77	78	80	-9.03082192463444
1553	75	77	79	81	-3.04937851290463
1554	75	77	80	82	-1.63740020341416
1555	75	77	81	83	-0.998533166287645
1556	75	77	82	84	-0.692645766007163
1557	75	77	83	85	-0.441122356948504
1558	75	77	84	86	-0.299858356693547
1559	75	77	85	87	-0.244652981196258
1560	75	77	86	88	-0.189903449074829
1561	76	78	79	81	-8.55126183923632
1562	76	78	80	82	-3.0087162662398
1563	76	78	81	83	-1.58563549403026
1564	76	78	82	84	-1.02426087105125
1565	76	78	83	85	-0.62206531171706
1566	76	78	84	86	-0.405142016028339
1567	76	78	85	87	-0.320030297676172
1568	76	78	86	88	-0.242590162788894
1569	76	78	87	89	-0.178994831401004
1570	77	79	80	82	-8.59632137560014
1571	77	79	81	83	-2.87047401985991
1572	77	79	82	84	-1.61121027972982
1573	77	79	83	85	-0.909618768194504
1574	77	79	84	86	-0.561216024709616
1575	77	79	85	87	-0.425679767283569
1576	77	79	86	88	-0.313674553961885
1577	77	79	87	89	-0.225646533969075
1578	77	79	88	90	-0.185155868745448
1579	78	80	81	83	-8.76122042077397
1580	78	80	82	84	-3.0153186619762
1581	78	80	83	85	-1.46056290355923
1582	78	80	84	86	-0.825279675550184
1583	78	80	85	87	-0.59176048891826
1584	78	80	86	88	-0.419805302574241
1585	78	80	87	89	-0.29304712015069
1586	78	80	88	90	-0.235358918534141
1587	78	80	89	91	-0.192327773657551
1588	79	81	82	84	-9.69711039577215
1589	79	81	83	85	-2.90159504272821
1590	79	81	84	86	-1.35281599667125
1591	79	81	85	87	-0.880828776757016
1592	79	81	86	88	-0.590386806719685
1593	79	81	87	89	-0.396746239750681
1594	79	81	88	90	-0.309643964727764
1595	79	81	89	91	-0.246932294396041
1596	79	81	90	92	-0.192292431650852
1597	80	82	83	85	-9.20984087536397
1598	80	82	84	86	-2.54790705061836
1599	80	82	85	87	-1.36070941380889
1600	80	82	86	88	-0.828441122837218
1601	80	82	87	89	-0.524949613590127
1602	80	82	88	90	-0.393552327828628
1603	80	82	89	91	-0.304085722008547
1604	80	82	90	92	-0.231650033676631
1605	80	82	91	93	-0.181193227491578
1606	81	83	84	86	-9.34666645204648
1607	81	83	85	87	-2.86911868526076
1608	81	83	86	88	-1.40908792434076
1609	81	83	87	89	-0.799662141250703
1610	81	83	88	90	-0.563087249080639
1611	81	83	89	91	-0.41481889428313
1612	81	83	90	92	-0.305785120983755
1613	81	83	91	93	-0.232478260869803
1614	81	83	92	94	-0.193796201914547
1615	82	84	85	87	-9.19457671662087
1616	82	84	86	88	-2.7414822416414
1617	82	84	87	89	-1.27521767157966
1618	82	84	88	90	-0.824991978083973
1619	82	84	89	91	-0.574146367950669
1620	82	84	90	92	-0.405998335283457
1621	82	84	91	93	-0.29922752648659
1622	82	84	92	94	-0.244788691059663
1623	82	84	93	95	-0.181802065552363
1624	83	85	86	88	-8.68009675748324
1625	83	85	87	89	-2.26896202066117
1626	83	85	88	90	-1.22280196606428
1627	83	85	89	91	-0.769845867529191
1628	83	85	90	92	-0.511462119245996
1629	83	85	91	93	-0.358711373936037
1630	83	85	92	94	-0.284871297377841
1631	83	85	93	95	-0.206080509907245
1632	83	85	94	96	-0.162882317517467
1633	84	86	87	89	-7.31440053291514
1634	84	86	88	90	-2.41674560600667
1635	84	86	89	91	-1.25191788438167
1636	84	86	90	92	-0.751791992096868
1637	84	86	91	93	-0.490076061435398
1638	84	86	92	94	-0.372128316746813
1639	84	86	93	95	-0.259590859358598
1640	84	86	94	96	-0.199410650915048
1641	85	87	88	90	-8.96475904262617
1642	85	87	89	91	-2.8144391698125
1643	85	87	90	92	-1.3939622648684
1644	85	87	91	93	-0.812703117721897
1645	85	87	92	94	-0.580310886833008
1646	85	87	93	95	-0.385395383765454
1647	85	87	94	96	-0.285627767905458
1648	86	88	89	91	-7.76456934919256
1649	86	88	90	92	-2.5255771127286
1650	86	88	91	93	-1.2391140620423
1651	86	88	92	94	-0.820145144206173
1652	86	88	93	95	-0.514405208519799
1653	86	88	94	96	-0.366212881220393
1654	87	89	90	92	-7.66063247129377
1655	87	89	91	93	-2.25119347081658
1656	87	89	92	94	-1.27904615806416
1657	87	89	93	95	-0.72782989377947
1658	87	89	94	96	-0.488136363327581
1659	88	90	91	93	-6.72698200571785
1660	88	90	92	94	-2.51269556193217
1661	88	90	93	95	-1.19444679179894
1662	88	90	94	96	-0.730083305119738
1663	89	91	92	94	-8.12443565490916
1664	89	91	93	95	-2.39612950958655
1665	89	91	94	96	-1.22695946366948
1666	90	92	93	95	-6.76211313505426
1667	90	92	94	96	-2.18751879490554
1668	91	93	94	96	-6.71648666280373
1669	1	4	5	8	-14.6945766221813
1670	1	4	6	9	-5.42313783808904
1671	1	4	7	10	-3.09297582528086
1672	1	4	8	11	-2.15022794634266
1673	1	4	9	12	-1.43288105000564
1674	1	4	10	13	-1.06803223128554
1675	1	4	11	14	-0.854245374223039
1676	1	4	12	15	-0.729434400861845
1677	2	5	6	9	-11.1606606936434
1678	2	5	7	10	-4.70308113427699
1679	2	5	8	11	-2.96171082279193
1680	2	5	9	12	-1.86461962928909
1681	2	5	10	13	-1.33703736490812
1682	2	5	11	14	-1.0404638321405
1683	2	5	12	15	-0.870392793036473
1684	2	5	13	16	-0.680784454297147
1685	3	6	7	10	-11.0467165671623
1686	3	6	8	11	-5.07921553721013
1687	3	6	9	12	-2.79294034546355
1688	3	6	10	13	-1.87737022047553
1689	3	6	11	14	-1.39628806194995
1690	3	6	12	15	-1.13699937361021
1691	3	6	13	16	-0.86691198443452
1692	3	6	14	17	-0.658962237306143
1693	4	7	8	11	-12.2770756999147
1694	4	7	9	12	-4.64434453323191
1695	4	7	10	13	-2.73810583843619
1696	4	7	11	14	-1.90013797358665
1697	4	7	12	15	-1.48488779205281
1698	4	7	13	16	-1.08838985733522
1699	4	7	14	17	-0.801502360400934
1700	4	7	15	18	-0.636390926930718
1701	5	8	9	12	-10.2557289853558
1702	5	8	10	13	-4.5879460469255
1703	5	8	11	14	-2.85645649510057
1704	5	8	12	15	-2.11737291371616
1705	5	8	13	16	-1.48325638447524
1706	5	8	14	17	-1.05217585388491
1707	5	8	15	18	-0.813800104975475
1708	5	8	16	19	-0.633011211747432
1709	6	9	10	13	-11.707754649354
1710	6	9	11	14	-5.31722033514493
1711	6	9	12	15	-3.48824909328993
1712	6	9	13	16	-2.25615064538043
1713	6	9	14	17	-1.51303824348069
1714	6	9	15	18	-1.12794154265873
1715	6	9	16	19	-0.855148453270881
1716	6	9	17	20	-0.650650447965381
1717	7	10	11	14	-12.5448091091285
1718	7	10	12	15	-6.34864895201148
1719	7	10	13	16	-3.59647378699352
1720	7	10	14	17	-2.22320766064319
1721	7	10	15	18	-1.5764351323289
1722	7	10	16	19	-1.15116888086386
1723	7	10	17	20	-0.852424865386227
1724	7	10	18	21	-0.631842789113238
1725	8	11	12	15	-15.4130993341118
1726	8	11	13	16	-6.4289357523365
1727	8	11	14	17	-3.44923976948365
1728	8	11	15	18	-2.29683995141395
1729	8	11	16	19	-1.60967930886705
1730	8	11	17	20	-1.14262097756427
1731	8	11	18	21	-0.822848386419806
1732	8	11	19	22	-0.619603192627575
1733	9	12	13	16	-14.0441875427064
1734	9	12	14	17	-5.56475682504862
1735	9	12	15	18	-3.26978938596005
1736	9	12	16	19	-2.12524913364806
1737	9	12	17	20	-1.45189107976279
1738	9	12	18	21	-1.00910365288827
1739	9	12	19	22	-0.739129812936139
1740	9	12	20	23	-0.580674346736546
1741	10	13	14	17	-13.2144954271576
1742	10	13	15	18	-5.90729835164132
1743	10	13	16	19	-3.38264752397428
1744	10	13	17	20	-2.16519013256
1745	10	13	18	21	-1.43051165334591
1746	10	13	19	22	-1.00747257420336
1747	10	13	20	23	-0.771354397389263
1748	10	13	21	24	-0.571673797858706
1749	11	14	15	18	-14.9484153645466
1750	11	14	16	19	-6.30076769471012
1751	11	14	17	20	-3.62422517726813
1752	11	14	18	21	-2.22255175467971
1753	11	14	19	22	-1.48531300383321
1754	11	14	20	23	-1.09854324114855
1755	11	14	21	24	-0.787713438650724
1756	11	14	22	25	-0.617268998799339
1757	12	15	16	19	-16.2227978191691
1758	12	15	17	20	-7.01686895193597
1759	12	15	18	21	-3.77659735672333
1760	12	15	19	22	-2.34241121069674
1761	12	15	20	23	-1.65125282237685
1762	12	15	21	24	-1.14236993172253
1763	12	15	22	25	-0.869846939787426
1764	12	15	23	26	-0.650266553606369
1765	13	16	17	20	-17.5575798684255
1766	13	16	18	21	-7.03126417482561
1767	13	16	19	22	-3.84970330455252
1768	13	16	20	23	-2.52673344606925
1769	13	16	21	24	-1.67093400715806
1770	13	16	22	25	-1.22176265867014
1771	13	16	23	26	-0.887468573617543
1772	13	16	24	27	-0.721854228976369
1773	14	17	18	21	-16.5935696036984
1774	14	17	19	22	-6.8996738938099
1775	14	17	20	23	-4.06256309793769
1776	14	17	21	24	-2.50438991265262
1777	14	17	22	25	-1.74020526224767
1778	14	17	23	26	-1.21791987677132
1779	14	17	24	27	-0.964678155349275
1780	14	17	25	28	-0.717356466754466
1781	15	18	19	22	-16.5989342959054
1782	15	18	20	23	-7.74487035740687
1783	15	18	21	24	-4.25115422883225
1784	15	18	22	25	-2.73428395774309
1785	15	18	23	26	-1.81963491941674
1786	15	18	24	27	-1.38909732808719
1787	15	18	25	28	-1.00018676450567
1788	15	18	26	29	-0.7672072878755
1789	16	19	20	23	-17.6645436485769
1790	16	19	21	24	-7.70960570300959
1791	16	19	22	25	-4.39142531233192
1792	16	19	23	26	-2.72652262535546
1793	16	19	24	27	-1.98963261334603
1794	16	19	25	28	-1.37621113332016
1795	16	19	26	29	-1.02794465948072
1796	16	19	27	30	-0.73814470434953
1797	17	20	21	24	-17.3001047010348
1798	17	20	22	25	-7.73757187141693
1799	17	20	23	26	-4.30158911356614
1800	17	20	24	27	-2.94625854824041
1801	17	20	25	28	-1.93486596071202
1802	17	20	26	29	-1.39477392765284
1803	17	20	27	30	-0.97142871763911
1804	17	20	28	31	-0.708884652924496
1805	18	21	22	25	-17.3124626448131
1806	18	21	23	26	-7.66143517315529
1807	18	21	24	27	-4.71711612105035
1808	18	21	25	28	-2.85886125246979
1809	18	21	26	29	-1.96470134213603
1810	18	21	27	30	-1.31304939498988
1811	18	21	28	31	-0.927493399383669
1812	18	21	29	32	-0.679665258361378
1813	19	22	23	26	-16.1811921205667
1814	19	22	24	27	-8.31666807963633
1815	19	22	25	28	-4.48441472339241
1816	19	22	26	29	-2.89198616691205
1817	19	22	27	30	-1.83483815680568
1818	19	22	28	31	-1.24228940228754
1819	19	22	29	32	-0.884194657737772
1820	19	22	30	33	-0.656849405701605
1821	20	23	24	27	-19.2471607205661
1822	20	23	25	28	-8.19062237821085
1823	20	23	26	29	-4.7777977248255
1824	20	23	27	30	-2.81895622795468
1825	20	23	28	31	-1.80699105811542
1826	20	23	29	32	-1.23592199292718
1827	20	23	30	33	-0.890675574539787
1828	20	23	31	34	-0.639614676783953
1829	21	24	25	28	-16.3366293439657
1830	21	24	26	29	-7.93544597214983
1831	21	24	27	30	-4.22289356085503
1832	21	24	28	31	-2.52919286386323
1833	21	24	29	32	-1.65311536716283
1834	21	24	30	33	-1.14990799194403
1835	21	24	31	34	-0.802134638450407
1836	21	24	32	35	-0.638198466143499
1837	22	25	26	29	-18.8628671947267
1838	22	25	27	30	-7.87624938985752
1839	22	25	28	31	-4.1885135090873
1840	22	25	29	32	-2.55211833022151
1841	22	25	30	33	-1.68844761432463
1842	22	25	31	34	-1.13013706387901
1843	22	25	32	35	-0.873887071988362
1844	22	25	33	36	-0.682522453970083
1845	23	26	27	30	-17.0411095859573
1846	23	26	28	31	-7.30043224932957
1847	23	26	29	32	-3.99389812036424
1848	23	26	30	33	-2.46118884795597
1849	23	26	31	34	-1.56611924233002
1850	23	26	32	35	-1.1677040082119
1851	23	26	33	36	-0.884490142114447
1852	23	26	34	37	-0.665480688809749
1853	24	27	28	31	-16.8177227377227
1854	24	27	29	32	-7.46310070060225
1855	24	27	30	33	-4.12092628626654
1856	24	27	31	34	-2.45427151170643
1857	24	27	32	35	-1.75209128382831
1858	24	27	33	36	-1.27922659937944
1859	24	27	34	37	-0.936349151958788
1860	24	27	35	38	-0.671458287213766
1861	25	28	29	32	-16.5827734508756
1862	25	28	30	33	-7.24664605437776
1863	25	28	31	34	-3.87879380129718
1864	25	28	32	35	-2.60777907063049
1865	25	28	33	36	-1.81712925042251
1866	25	28	34	37	-1.28374250531763
1867	25	28	35	38	-0.895966999024824
1868	25	28	36	39	-0.607934196249862
1869	26	29	30	33	-14.8486560116882
1870	26	29	31	34	-6.40087842004408
1871	26	29	32	35	-3.93179413717924
1872	26	29	33	36	-2.5717470875935
1873	26	29	34	37	-1.7472392203652
1874	26	29	35	38	-1.18153447825901
1875	26	29	36	39	-0.780749500617009
1876	26	29	37	40	-0.577769435188623
1877	27	30	31	34	-13.426814330611
1878	27	30	32	35	-6.64709747259056
1879	27	30	33	36	-3.8514893014871
1880	27	30	34	37	-2.46438551015339
1881	27	30	35	38	-1.59556848432739
1882	27	30	36	39	-1.01461102418614
1883	27	30	37	40	-0.731168049532399
1884	27	30	38	41	-0.562984444593017
1885	28	31	32	35	-15.8641091949096
1886	28	31	33	36	-6.76860404304919
1887	28	31	34	37	-3.87578002197449
1888	28	31	35	38	-2.35019301398179
1889	28	31	36	39	-1.4222718426251
1890	28	31	37	40	-0.989284066432097
1891	28	31	38	41	-0.742150266283432
1892	28	31	39	42	-0.556072129810959
1893	29	32	33	36	-14.1455974607546
1894	29	32	34	37	-6.22288873504865
1895	29	32	35	38	-3.38004823433482
1896	29	32	36	39	-1.91537136174374
1897	29	32	37	40	-1.27999789305763
1898	29	32	38	41	-0.93254008810779
1899	29	32	39	42	-0.683290911155064
1900	29	32	40	43	-0.527955232443023
1901	30	33	34	37	-14.0986051597918
1902	30	33	35	38	-5.65062220529501
1903	30	33	36	39	-2.82527970943276
1904	30	33	37	40	-1.77330752045343
1905	30	33	38	41	-1.24128783634549
1906	30	33	39	42	-0.88138586858052
1907	30	33	40	43	-0.6649901986075
1908	30	33	41	44	-0.511173013749293
1909	31	34	35	38	-14.5225401901999
1910	31	34	36	39	-4.94937810834728
1911	31	34	37	40	-2.6770833234885
1912	31	34	38	41	-1.74527313586176
1913	31	34	39	42	-1.18264526137707
1914	31	34	40	43	-0.858651631294156
1915	31	34	41	44	-0.642872615618331
1916	31	34	42	45	-0.504777746761558
1917	32	35	36	39	-13.4888173032562
1918	32	35	37	40	-4.93639971002862
1919	32	35	38	41	-2.80201741390584
1920	32	35	39	42	-1.77181651426534
1921	32	35	40	43	-1.22609935234834
1922	32	35	41	44	-0.88687698434227
1923	32	35	42	45	-0.677691700707969
1924	32	35	43	46	-0.532290672361914
1925	33	36	37	40	-14.3003849413238
1926	33	36	38	41	-5.3168563153598
1927	33	36	39	42	-2.92128240694435
1928	33	36	40	43	-1.8760687350476
1929	33	36	41	44	-1.29344674864209
1930	33	36	42	45	-0.951053835730195
1931	33	36	43	46	-0.726631827055528
1932	33	36	44	47	-0.582322891701655
1933	34	37	38	41	-12.0856305380885
1934	34	37	39	42	-4.76726524979698
1935	34	37	40	43	-2.73444430262856
1936	34	37	41	44	-1.77122350201378
1937	34	37	42	45	-1.24926218827032
1938	34	37	43	46	-0.922102577483474
1939	34	37	44	47	-0.721401424269369
1940	34	37	45	48	-0.579836785322294
1941	35	38	39	42	-9.52330197623164
1942	35	38	40	43	-4.15086373436219
1943	35	38	41	44	-2.43570841214069
1944	35	38	42	45	-1.62159393440431
1945	35	38	43	46	-1.14780182354471
1946	35	38	44	47	-0.870999292429379
1947	35	38	45	48	-0.684964100366597
1948	35	38	46	49	-0.50814486891417
1949	36	39	40	43	-8.87441911511641
1950	36	39	41	44	-3.83412573807337
1951	36	39	42	45	-2.28538607773485
1952	36	39	43	46	-1.51048949692291
1953	36	39	44	47	-1.09534988782259
1954	36	39	45	48	-0.833652170805365
1955	36	39	46	49	-0.602694701191027
1956	36	39	47	50	-0.455452542583376
1957	37	40	41	44	-8.49539057906373
1958	37	40	42	45	-3.73738736967023
1959	37	40	43	46	-2.20067241461578
1960	37	40	44	47	-1.4973994660459
1961	37	40	45	48	-1.09478788110737
1962	37	40	46	49	-0.765700755818169
1963	37	40	47	50	-0.564482289627487
1964	37	40	48	51	-0.42021901469894
1965	38	41	42	45	-8.51374845292821
1966	38	41	43	46	-3.6957475654069
1967	38	41	44	47	-2.25565394151786
1968	38	41	45	48	-1.55202875667567
1969	38	41	46	49	-1.04010109369565
1970	38	41	47	50	-0.741586201636841
1971	38	41	48	51	-0.538268269866138
1972	38	41	49	52	-0.43119588378306
1973	39	42	43	46	-8.05343305088107
1974	39	42	44	47	-3.63889565145424
1975	39	42	45	48	-2.26929019908812
1976	39	42	46	49	-1.42912362227936
1977	39	42	47	50	-0.976142478386298
1978	39	42	48	51	-0.684961118516874
1979	39	42	49	52	-0.535934460313638
1980	39	42	50	53	-0.424011314802322
1981	40	43	44	47	-8.38042091804266
1982	40	43	45	48	-3.89422303482341
1983	40	43	46	49	-2.1881822263556
1984	40	43	47	50	-1.40214220482194
1985	40	43	48	51	-0.941139075645729
1986	40	43	49	52	-0.712725865414051
1987	40	43	50	53	-0.550014872417111
1988	40	43	51	54	-0.44617763859222
1989	41	44	45	48	-9.04938375675011
1990	41	44	46	49	-3.64356821961597
1991	41	44	47	50	-2.08677149601113
1992	41	44	48	51	-1.31412689914743
1993	41	44	49	52	-0.954521149351374
1994	41	44	50	53	-0.713278072056845
1995	41	44	51	54	-0.56478449460694
1996	41	44	52	55	-0.453364834014555
1997	42	45	46	49	-8.2170927046245
1998	42	45	47	50	-3.44492724500885
1999	42	45	48	51	-1.9445956989769
2000	42	45	49	52	-1.3330116129025
2001	42	45	50	53	-0.956222732817304
2002	42	45	51	54	-0.734484698398779
2003	42	45	52	55	-0.576253122809825
2004	42	45	53	56	-0.461810550196638
2005	43	46	47	50	-8.55364248500276
2006	43	46	48	51	-3.39627721102895
2007	43	46	49	52	-2.06734615415087
2008	43	46	50	53	-1.38668414886637
2009	43	46	51	54	-1.01996129083236
2010	43	46	52	55	-0.773668231816906
2011	43	46	53	56	-0.604485095214522
2012	43	46	54	57	-0.477344835799696
2013	44	47	48	51	-7.92944451689384
2014	44	47	49	52	-3.5220868863846
2015	44	47	50	53	-2.09792410291019
2016	44	47	51	54	-1.45001136632472
2017	44	47	52	55	-1.05417723655327
2018	44	47	53	56	-0.797100087665859
2019	44	47	54	57	-0.615124374202415
2020	44	47	55	58	-0.485281511106634
2021	45	48	49	52	-8.73887053167872
2022	45	48	50	53	-3.60259128587558
2023	45	48	51	54	-2.20695543074097
2024	45	48	52	55	-1.50195402700219
2025	45	48	53	56	-1.08709152329001
2026	45	48	54	57	-0.812675370037602
2027	45	48	55	58	-0.626184301142328
2028	45	48	56	59	-0.468243952032745
2029	46	49	50	53	-7.73592121749504
2030	46	49	51	54	-3.43378651792021
2031	46	49	52	55	-2.08609562095602
2032	46	49	53	56	-1.41868709599224
2033	46	49	54	57	-1.01825879346064
2034	46	49	55	58	-0.761558270555853
2035	46	49	56	59	-0.556911550620432
2036	46	49	57	60	-0.438475734739421
2037	47	50	51	54	-8.02689819483262
2038	47	50	52	55	-3.42836684076881
2039	47	50	53	56	-2.05940874393653
2040	47	50	54	57	-1.38519640038023
2041	47	50	55	58	-0.992685744896185
2042	47	50	56	59	-0.703405173936378
2043	47	50	57	60	-0.540227943082722
2044	47	50	58	61	-0.41621432784788
2045	48	51	52	55	-7.78499035577743
2046	48	51	53	56	-3.31736308312681
2047	48	51	54	57	-1.97174687454813
2048	48	51	55	58	-1.33025123129009
2049	48	51	56	59	-0.90403975047557
2050	48	51	57	60	-0.672323424451934
2051	48	51	58	61	-0.505220126469915
2052	48	51	59	62	-0.408514698348483
2053	49	52	53	56	-8.85911968204221
2054	49	52	54	57	-3.40150786187466
2055	49	52	55	58	-2.02461763251322
2056	49	52	56	59	-1.28976616646503
2057	49	52	57	60	-0.91855914432145
2058	49	52	58	61	-0.666824342679925
2059	49	52	59	62	-0.528136700041372
2060	49	52	60	63	-0.398380725836098
2061	50	53	54	57	-8.89242818324474
2062	50	53	55	58	-3.53107758643221
2063	50	53	56	59	-1.97721361577396
2064	50	53	57	60	-1.31447664777103
2065	50	53	58	61	-0.910898484114835
2066	50	53	59	62	-0.699475074600995
2067	50	53	60	63	-0.515254700533975
2068	50	53	61	64	-0.398648712776169
2069	51	54	55	58	-9.17707140336211
2070	51	54	56	59	-3.51263263024283
2071	51	54	57	60	-2.04455043394246
2072	51	54	58	61	-1.3198667623977
2073	51	54	59	62	-0.972498242775368
2074	51	54	60	63	-0.693892293944959
2075	51	54	61	64	-0.522675928757759
2076	51	54	62	65	-0.408238137526866
2077	52	55	56	59	-9.33918226350902
2078	52	55	57	60	-3.64307883580109
2079	52	55	58	61	-2.04142108073853
2080	52	55	59	62	-1.41643474132462
2081	52	55	60	63	-0.965641896615004
2082	52	55	61	64	-0.702372498360698
2083	52	55	62	65	-0.535614707120331
2084	52	55	63	66	-0.426664040741832
2085	53	56	57	60	-9.41114923088952
2086	53	56	58	61	-3.53308823993235
2087	53	56	59	62	-2.1883578854787
2088	53	56	60	63	-1.3957628212105
2089	53	56	61	64	-0.969832725480002
2090	53	56	62	65	-0.716825168327228
2091	53	56	63	66	-0.556843794106042
2092	53	56	64	67	-0.418305795076511
2093	54	57	58	61	-8.33310931689528
2094	54	57	59	62	-3.74512974722265
2095	54	57	60	63	-2.09595750309043
2096	54	57	61	64	-1.35973367755159
2097	54	57	62	65	-0.964122769805829
2098	54	57	63	66	-0.724413888860568
2099	54	57	64	67	-0.531009989179702
2100	54	57	65	68	-0.423595171627562
2101	55	58	59	62	-10.1853225271051
2102	55	58	60	63	-3.6959797414973
2103	55	58	61	64	-2.07543890597243
2104	55	58	62	65	-1.37737900138731
2105	55	58	63	66	-0.98511005589249
2106	55	58	64	67	-0.698174937887891
2107	55	58	65	68	-0.542925041199413
2108	55	58	66	69	-0.424663034830622
2109	56	59	60	63	-8.56577803065521
2110	56	59	61	64	-3.34079627698386
2111	56	59	62	65	-1.9621694267711
2112	56	59	63	66	-1.31448211856103
2113	56	59	64	67	-0.891479954818435
2114	56	59	65	68	-0.672230137758538
2115	56	59	66	69	-0.511952932072699
2116	56	59	67	70	-0.417462618336727
2117	57	60	61	64	-8.69804210487303
2118	57	60	62	65	-3.51112750195697
2119	57	60	63	66	-2.03623067712308
2120	57	60	64	67	-1.2911197944141
2121	57	60	65	68	-0.930209507375081
2122	57	60	66	69	-0.682714490554117
2123	57	60	67	70	-0.542640497169817
2124	57	60	68	71	-0.436040804815911
2125	58	61	62	65	-9.22373129475334
2126	58	61	63	66	-3.54255433483931
2127	58	61	64	67	-1.95400065077357
2128	58	61	65	68	-1.31999823877703
2129	58	61	66	69	-0.922523913555205
2130	58	61	67	70	-0.708848211009564
2131	58	61	68	71	-0.55636105504579
2132	58	61	69	72	-0.425809199061438
2133	59	62	63	66	-8.8362460791764
2134	59	62	64	67	-3.24813980671772
2135	59	62	65	68	-1.94686605378765
2136	59	62	66	69	-1.27146248011738
2137	59	62	67	70	-0.938198574123439
2138	59	62	68	71	-0.71597696223843
2139	59	62	69	72	-0.534390420249873
2140	59	62	70	73	-0.433254112366093
2141	60	63	64	67	-7.45574227146208
2142	60	63	65	68	-3.21683353515339
2143	60	63	66	69	-1.83312498815212
2144	60	63	67	70	-1.26586412710571
2145	60	63	68	71	-0.926217581472654
2146	60	63	69	72	-0.671814981682394
2147	60	63	70	73	-0.528687110997689
2148	60	63	71	74	-0.442068045512274
2149	61	64	65	68	-8.92245489443792
2150	61	64	66	69	-3.25784384307354
2151	61	64	67	70	-1.95048360240515
2152	61	64	68	71	-1.33297523113676
2153	61	64	69	72	-0.916432060033901
2154	61	64	70	73	-0.697814579972648
2155	62	65	66	69	-7.60868423629781
2156	62	65	67	70	-3.19541546445537
2157	62	65	68	71	-1.94018767546014
2158	62	65	69	72	-1.2513221322786
2159	62	65	70	73	-0.909683614650957
2160	63	66	67	70	-7.99938167236508
2161	63	66	68	71	-3.43415188302037
2162	63	66	69	72	-1.92286292908121
2163	63	66	70	73	-1.30522991152278
2164	63	66	71	74	-0.990594635652612
2165	64	67	68	71	-8.27016979107572
2166	64	67	69	72	-3.16392691650084
2167	64	67	70	73	-1.88153234153392
2168	65	68	69	72	-7.95307597859421
2169	65	68	70	73	-3.1317706392751
2170	66	69	70	73	-8.3232414200472
2171	66	69	71	74	-3.72224678403433

